$SPEC_ID:
40
$SPEC_REM:
DET# 1
DETDESC# OCL-MASSPEC MCB 337
AP# Maestro Version 7.01
$DATE_MEA:
09/24/2025 14:35:28
$MEAS_TIM:
282 300
$DATA:
0 2047
       0
       0
       0
       0
       0
       0
       0
       0
       0
       0
       0
       0
       0
       0
       0
       0
       1
      53
     564
    1189
    1281
    1323
    1302
    1380
    1353
    1370
    1453
    1415
    1395
    1458
    1504
    1514
    1633
    1709
    1938
    2174
    2404
    3226
    4072
    5668
    7728
   10485
   13817
   16644
   18081
   17738
   15667
   12664
    9822
    7433
    5664
    4619
    3767
    2990
    2467
    2022
    1807
    1677
    1506
    1652
    1579
    1533
    1640
    1658
    1630
    1618
    1598
    1620
    1562
    1591
    1721
    1623
    1625
    1648
    1670
    1677
    1573
    1687
    1648
    1692
    1700
    1674
    1677
    1642
    1674
    1734
    1729
    1759
    1703
    1745
    1716
    1766
    1765
    1717
    1751
    1795
    1738
    1729
    1740
    1749
    1758
    1760
    1722
    1920
    1767
    1664
    1851
    1808
    1745
    1797
    1738
    1821
    1815
    1844
    1801
    1763
    1934
    1776
    1782
    1792
    1727
    1784
    1816
    1843
    1732
    1805
    1795
    1841
    1748
    1833
    1799
    1846
    1794
    1808
    1776
    1761
    1827
    1843
    1842
    1917
    1824
    1787
    1850
    1796
    1879
    1840
    1840
    1915
    1844
    1818
    1937
    1871
    1936
    1865
    1899
    1897
    1805
    1813
    1900
    1859
    1838
    1874
    1917
    1913
    1884
    1845
    1903
    1896
    1898
    1829
    1870
    1868
    1832
    1838
    1931
    1904
    1857
    1753
    1893
    1785
    1806
    1821
    1778
    1892
    1821
    1793
    1850
    1896
    1854
    1838
    1790
    1860
    1838
    1869
    1915
    1909
    1896
    1898
    1937
    1796
    1859
    1924
    1840
    1892
    1949
    1888
    1918
    1993
    1964
    1927
    1956
    2072
    2038
    2094
    2080
    2137
    2208
    2195
    2240
    2287
    2445
    2487
    2521
    2591
    2707
    2757
    2811
    2748
    2846
    2911
    2956
    2993
    2962
    3022
    3035
    2941
    3038
    2947
    2906
    2947
    2994
    2845
    2837
    2799
    2811
    2712
    2675
    2644
    2715
    2731
    2606
    2614
    2649
    2613
    2637
    2589
    2494
    2600
    2585
    2428
    2508
    2403
    2385
    2355
    2387
    2359
    2339
    2291
    2329
    2234
    2340
    2287
    2242
    2202
    2267
    2140
    2186
    2186
    2134
    2122
    2074
    2204
    2166
    2132
    2046
    2042
    2053
    2093
    2098
    2032
    2036
    2002
    1937
    1991
    1910
    1955
    1947
    1940
    1955
    1844
    1903
    1831
    1928
    1863
    1921
    1771
    1812
    1828
    1847
    1735
    1799
    1787
    1851
    1818
    1764
    1732
    1832
    1750
    1822
    1694
    1728
    1717
    1701
    1666
    1709
    1744
    1687
    1648
    1690
    1632
    1655
    1670
    1693
    1704
    1694
    1642
    1648
    1637
    1681
    1688
    1572
    1566
    1612
    1642
    1604
    1582
    1600
    1629
    1518
    1532
    1575
    1638
    1591
    1439
    1580
    1571
    1578
    1566
    1463
    1526
    1493
    1545
    1537
    1575
    1484
    1488
    1484
    1493
    1475
    1549
    1529
    1496
    1448
    1548
    1441
    1494
    1508
    1460
    1504
    1491
    1450
    1520
    1518
    1518
    1460
    1460
    1543
    1485
    1493
    1533
    1475
    1498
    1509
    1431
    1468
    1463
    1451
    1554
    1440
    1521
    1453
    1490
    1453
    1478
    1509
    1475
    1407
    1494
    1500
    1544
    1501
    1355
    1499
    1509
    1462
    1487
    1472
    1501
    1436
    1476
    1527
    1506
    1499
    1451
    1511
    1491
    1485
    1503
    1459
    1533
    1513
    1457
    1453
    1421
    1416
    1487
    1492
    1445
    1419
    1484
    1416
    1499
    1372
    1463
    1395
    1427
    1549
    1478
    1483
    1439
    1482
    1490
    1502
    1442
    1527
    1487
    1498
    1415
    1445
    1482
    1484
    1480
    1440
    1538
    1425
    1443
    1477
    1438
    1494
    1472
    1519
    1561
    1493
    1472
    1497
    1533
    1528
    1463
    1473
    1471
    1540
    1531
    1558
    1539
    1493
    1515
    1463
    1551
    1488
    1534
    1477
    1455
    1482
    1562
    1562
    1617
    1566
    1520
    1566
    1504
    1515
    1525
    1466
    1521
    1456
    1491
    1533
    1572
    1463
    1544
    1564
    1516
    1463
    1460
    1513
    1551
    1505
    1459
    1556
    1447
    1465
    1482
    1482
    1401
    1409
    1409
    1447
    1397
    1390
    1314
    1311
    1272
    1275
    1291
    1179
    1192
    1148
    1148
    1189
    1131
    1097
    1076
    1058
    1022
     966
     913
     932
     908
     877
     925
     829
     782
     813
     761
     762
     760
     743
     709
     667
     668
     698
     630
     548
     593
     606
     584
     575
     536
     549
     517
     519
     538
     494
     437
     450
     489
     456
     449
     447
     390
     433
     414
     397
     364
     394
     405
     400
     421
     384
     382
     342
     358
     325
     338
     341
     329
     328
     353
     329
     334
     295
     337
     312
     278
     282
     276
     260
     259
     283
     282
     271
     290
     275
     285
     231
     250
     240
     250
     250
     217
     239
     241
     249
     207
     211
     263
     222
     225
     201
     239
     234
     219
     216
     183
     210
     221
     193
     203
     190
     227
     247
     177
     206
     176
     208
     217
     167
     222
     192
     200
     185
     200
     195
     168
     172
     203
     169
     180
     201
     204
     193
     192
     197
     183
     178
     168
     196
     179
     199
     170
     165
     164
     169
     186
     171
     201
     197
     170
     206
     189
     198
     221
     201
     204
     190
     182
     203
     233
     219
     230
     249
     251
     251
     270
     271
     322
     320
     325
     371
     425
     469
     452
     491
     568
     587
     621
     668
     745
     841
     892
     945
    1021
    1133
    1219
    1290
    1394
    1554
    1626
    1777
    1992
    2043
    2178
    2349
    2489
    2823
    2902
    3096
    3390
    3560
    3732
    3922
    4184
    4486
    4722
    5000
    5164
    5547
    5755
    5984
    6270
    6653
    6870
    7142
    7484
    7619
    7972
    8164
    8368
    8632
    8686
    9088
    9130
    9462
    9486
    9661
    9629
    9726
    9894
    9879
    9789
    9770
    9832
    9944
    9779
    9659
    9644
    9522
    9286
    9309
    9140
    8758
    8533
    8362
    7995
    7883
    7553
    7436
    6990
    6720
    6549
    6118
    5882
    5513
    5308
    4930
    4706
    4449
    4065
    3761
    3555
    3390
    3076
    2855
    2611
    2464
    2199
    2080
    1849
    1702
    1523
    1386
    1247
    1174
    1027
     887
     822
     692
     640
     601
     517
     451
     423
     358
     307
     287
     275
     207
     190
     164
     164
     141
     123
     117
      99
      82
      89
      65
      80
      62
      69
      45
      50
      44
      42
      41
      38
      35
      29
      36
      25
      44
      30
      37
      32
      30
      31
      34
      30
      31
      36
      35
      30
      28
      20
      30
      29
      25
      28
      32
      27
      36
      39
      36
      31
      28
      26
      34
      29
      35
      28
      26
      34
      22
      36
      26
      22
      35
      27
      28
      31
      21
      21
      20
      29
      31
      18
      26
      21
      25
      22
      26
      29
      25
      33
      30
      18
      25
      25
      19
      26
      19
      24
      22
      21
      40
      20
      26
      29
      23
      35
      20
      33
      27
      21
      19
      19
      16
      18
      21
      25
      23
      28
      21
      18
      22
      27
      24
      20
      21
      13
      17
      22
      16
      25
      23
      28
      33
      27
      19
      17
      19
      29
      21
      26
      26
      20
      15
      21
      17
      29
      13
      26
      24
      25
      13
      24
      18
      21
      28
      26
      21
      19
      21
      19
      18
      20
      26
      23
      22
      16
      23
      21
      12
      18
      18
       9
      20
      20
      14
      17
      29
      15
      21
      21
      16
      27
      17
      21
      22
      21
      23
      22
      22
      17
      29
      17
      26
      20
      19
      17
      20
      21
      16
      20
      16
      14
      23
      17
      24
      19
      23
      18
      16
      24
      24
      19
      12
      18
      17
      16
      17
      14
      20
      20
      19
      18
      26
      22
      22
      20
      16
      27
      21
      25
      15
      14
      19
      17
      18
      18
      17
      12
      17
      12
      15
       9
      14
      19
      14
      20
      16
      22
      18
      20
      10
      20
      14
      12
      11
      12
      16
      12
       7
      11
      14
      14
      11
      14
      13
      16
      12
      12
      11
      19
      24
      15
      14
      14
      10
      12
      12
      23
      17
      17
      15
      15
      15
      13
       9
      16
      18
      11
      18
      14
      17
      19
      23
      19
       9
      18
      17
      13
      13
       7
      13
      16
      15
      16
      10
       8
      10
      16
      11
       8
      14
      17
      17
      12
      12
       7
      16
      12
       9
      18
      11
      14
      11
      16
      14
      13
      15
      10
      16
      10
      16
      14
      16
       9
      11
      10
      13
       9
      14
      11
      10
      13
       8
      10
       8
      10
      11
      12
      14
       9
       6
      15
      11
      11
      10
       7
      11
      10
      14
      14
      10
       9
       8
      12
      11
       8
      17
      13
       7
       5
      14
       5
       7
      12
       9
      13
      12
      25
       3
      14
      15
      11
       7
      11
      11
      11
      20
      11
      11
      11
       8
      14
       9
      11
      12
       9
      12
       5
       9
      16
       8
       8
      10
       8
      10
       9
       9
      14
       7
      13
       6
       7
      12
      11
      16
      16
       8
       8
      14
       5
      12
      12
       8
      12
      11
      16
      11
      14
      20
      18
      14
      11
       7
      13
      13
      11
      15
      11
      10
      11
      14
       8
       5
       9
      14
      13
       9
      14
      12
      10
       7
       4
      12
       9
       7
      10
      10
       9
       9
      11
       9
       7
       9
       8
       9
      16
       4
       8
      11
       2
       8
       9
       6
      10
      16
       8
      10
      14
       9
       7
       4
       9
       6
       6
      13
       5
       9
       8
       6
       6
       6
       5
       7
       5
      12
       5
       9
      12
       8
       3
       4
      14
       6
      11
       4
       8
      10
       9
       8
       6
       6
       9
      10
       6
       5
       9
       9
      11
       9
       8
       6
       8
      12
       7
       6
      11
      10
       6
       6
       7
       5
      11
       6
       5
       5
       8
      10
       7
       6
       6
       9
       6
       4
       7
       8
       4
       8
       6
       8
       5
       7
       7
       5
       4
       4
      11
       7
       6
       7
       8
       4
       6
       7
       6
       5
       3
       5
       7
      11
       3
       9
       7
       6
       9
       6
       8
       9
       5
       9
       6
       7
       8
       3
      10
       9
       6
       9
       1
       6
       7
      10
       9
       4
       4
       9
       6
      12
       2
       2
       6
       3
       2
       4
       7
      12
       6
       4
       9
       1
       6
       8
       7
      11
       4
      10
       9
       2
       6
       7
       5
       8
       4
       2
       2
       2
      11
       7
      10
       4
       7
       5
       8
       8
       6
       7
       2
       5
       6
       7
       9
       7
       3
       7
       8
       7
      11
       9
       7
       4
       5
       4
       3
       9
       4
       3
       6
       8
       6
       6
       9
      11
      15
       6
       7
       4
       4
      10
      11
       4
       3
       7
       6
       6
       6
       3
       8
       6
       4
       4
       5
       8
       8
       9
       9
       3
       4
       5
       9
       6
       8
      11
       6
       6
       3
       8
       5
      11
       7
       0
       5
       4
       7
       7
       4
       8
      11
       3
       7
       6
       3
       9
       3
      12
       5
       8
       6
      10
       4
       3
       4
       5
       1
       9
       9
       5
       4
       5
       4
       2
       7
       5
       4
       1
       4
       4
       4
       3
       5
       4
       3
       3
       3
       3
       2
       4
       5
       5
       5
       6
       6
       5
       4
       5
       3
       6
       5
       1
       1
       5
       4
       6
       2
       7
      12
       2
       3
       3
      10
       8
       4
       8
       7
       5
       7
       5
      10
       3
       7
       6
       9
       8
       7
       8
       9
       5
       9
      10
       5
       5
       9
       9
       8
      11
       9
       7
       5
       9
      10
       8
       7
      13
      11
      10
      11
       9
       6
       9
      13
      17
       9
      12
      10
      11
       7
       9
       4
       6
       9
       5
       8
       7
       5
       8
      10
       4
      11
       6
       7
       9
       7
       3
      10
       4
       5
       7
       1
       2
       6
       6
       5
       1
       5
       5
       4
       4
       5
       8
       5
       3
       5
       2
       3
       3
       6
       1
       3
       3
       4
       4
       2
       1
       1
       4
       5
       3
       6
       1
       1
       4
       4
       2
       1
       1
       3
       2
       2
       2
       0
       1
       1
       2
       2
       0
       4
       1
       6
       4
       2
       0
       1
       0
       0
       2
       0
       2
       2
       0
       4
       1
       4
       0
       1
       0
       0
       3
       1
       0
       2
       1
       2
       1
       1
       0
       2
       3
       1
       1
       2
       2
       1
       1
       0
       0
       1
       0
       0
       2
       1
       3
       2
       1
       3
       4
       1
       1
       1
       2
       2
       1
       4
       1
       2
       0
       2
       3
       1
       0
       1
       2
       1
       2
       1
       0
       0
       0
       1
       0
       2
       2
       1
       0
       3
       0
       0
       0
       1
       3
       1
       2
       2
       0
       0
       0
       0
       1
       0
       0
       1
       1
       0
       0
       0
       2
       2
       1
       0
       3
       1
       1
       2
       1
       1
       0
       0
       2
       0
       1
       0
       0
       2
       1
       4
       1
       3
       1
       2
       2
       1
       1
       1
       0
       0
       0
       0
       2
       3
       0
       1
       0
       1
       1
       0
       3
       1
       2
       0
       2
       0
       1
       3
       1
       2
       1
       0
       3
       2
       0
       1
       1
       1
       1
       1
       2
       0
       1
       1
       1
       1
       1
       0
       2
       0
       1
       0
       0
       1
       1
       1
       0
       1
       0
       0
       0
       3
       3
       1
       2
       0
       1
       1
       0
       1
       0
       1
       4
       1
       1
       1
       0
       3
       1
       1
       1
       0
       0
       2
       3
       2
       1
       2
       2
       0
       1
       3
       1
       1
       2
       0
       0
       5
       2
       0
       0
       1
       0
       2
       0
       2
       1
       2
       3
       1
       4
       2
       2
       0
       2
       5
       3
       3
       0
       0
       0
       0
       0
       0
       1
       1
       1
       2
       0
       1
       0
       2
       2
       1
       0
       0
       0
       1
       2
       2
       0
       1
       3
       0
       2
       0
       2
       0
       2
       3
       0
       2
       5
       4
       2
       0
       1
       2
       0
       0
       1
       0
       1
       2
       1
       0
       3
       2
       1
       1
       1
       0
       0
       0
       2
       0
       2
       2
       0
       0
       1
       2
       1
       1
       0
       0
       1
       0
       0
       4
       1
       0
       0
       0
       3
       3
       5
       6
       1
       1
       3
       8
       3
       6
       6
       1
       3
       9
       3
       7
       9
       5
       4
       7
       3
       4
       5
       2
       3
       5
       7
       1
       7
       4
       5
       6
       4
       4
       8
       3
       2
       4
       2
       1
       4
       0
       6
       0
       2
       3
       3
       4
$ROI:
1
344 440
$PRESETS:
Real Time
300
0
$ENER_FIT:
-47.083363 0.930556
$MCA_CAL:
3
-4.708336E+001 9.305556E-001 0.000000E+000 keV
$SHAPE_CAL:
3
0.000000E+000 0.000000E+000 0.000000E+000
