$SPEC_ID:
40
$SPEC_REM:
DET# 1
DETDESC# OCL-MASSPEC MCB 337
AP# Maestro Version 7.01
$DATE_MEA:
09/24/2025 14:41:30
$MEAS_TIM:
298 300
$DATA:
0 2047
       0
       0
       0
       0
       0
       0
       0
       0
       0
       0
       0
       0
       0
       0
       0
       0
       0
       4
      39
      68
     103
      74
      78
      63
      82
      75
      93
      81
      97
      80
      87
      95
     103
      95
     115
      96
     121
     109
     102
      96
     112
     122
     104
      99
     107
     110
     121
     140
     122
     131
     126
     126
     128
     116
     120
     135
     133
     150
     119
     135
     153
     139
     133
     162
     134
     140
     175
     161
     172
     171
     178
     168
     194
     192
     206
     231
     202
     226
     222
     223
     290
     254
     289
     247
     284
     273
     279
     283
     276
     307
     285
     325
     293
     271
     297
     341
     328
     318
     343
     347
     307
     356
     370
     361
     378
     327
     362
     339
     367
     373
     375
     373
     321
     360
     375
     360
     346
     352
     383
     369
     355
     399
     339
     365
     333
     335
     350
     366
     365
     387
     349
     389
     416
     316
     382
     349
     390
     360
     332
     350
     307
     354
     374
     362
     344
     323
     324
     353
     363
     346
     348
     313
     343
     310
     320
     321
     358
     347
     332
     340
     318
     374
     331
     295
     341
     306
     310
     306
     322
     334
     301
     305
     278
     307
     321
     278
     298
     278
     311
     306
     280
     284
     292
     283
     294
     273
     285
     274
     282
     286
     278
     264
     281
     244
     313
     271
     258
     225
     238
     255
     266
     233
     266
     250
     276
     234
     253
     256
     249
     232
     231
     228
     210
     229
     239
     223
     215
     210
     222
     221
     215
     204
     219
     212
     211
     206
     230
     210
     228
     213
     190
     209
     202
     201
     193
     203
     197
     190
     172
     192
     202
     199
     203
     216
     193
     225
     206
     198
     174
     200
     202
     218
     190
     204
     205
     178
     188
     225
     167
     199
     187
     210
     185
     210
     207
     191
     180
     204
     200
     158
     195
     193
     195
     193
     215
     203
     207
     175
     186
     161
     178
     172
     198
     200
     165
     185
     179
     182
     176
     179
     186
     157
     168
     174
     145
     178
     131
     151
     135
     157
     135
     156
     147
     135
     146
     137
     127
     123
     130
     136
     137
     146
     154
     134
     119
     109
     129
     143
     134
     136
     112
     125
     121
     116
     124
     116
     116
     104
     126
     122
     125
     104
     121
      89
     112
     124
     135
      99
     115
     100
     112
     110
     113
     114
     118
      94
     105
     109
     126
     121
      95
      98
     105
     101
     109
     118
     115
     114
     118
     114
     113
      89
      87
     101
     115
      77
     101
      95
      96
      93
      94
      82
      91
      81
      88
      96
     105
      92
      95
     100
      77
      75
      88
      86
      97
      81
      84
      80
      94
      79
      89
      81
      52
      93
      75
     107
      94
      91
      85
      98
     100
      86
      76
      69
      92
      87
      71
      95
      71
      95
      82
      75
      82
      74
      78
      78
      72
      82
      76
      72
      75
      86
      89
      70
      71
      86
      86
      71
      80
      84
      68
      69
      84
      64
      81
      71
      56
      65
      54
      64
      68
      72
      78
      80
      55
      77
      62
      60
      63
      57
      74
      66
      59
      63
      62
      76
      67
      49
      76
      56
      73
      60
      60
      76
      71
      59
      60
      64
      68
      75
      54
      70
      53
      60
      54
      45
      66
      61
      71
      78
      50
      46
      69
      68
      63
      63
      65
      56
      54
      71
      60
      61
      58
      55
      58
      55
      63
      63
      67
      69
      52
      51
      61
      51
      58
      56
      49
      56
      52
      58
      72
      61
      51
      44
      67
      63
      47
      47
      52
      54
      41
      39
      42
      64
      52
      51
      39
      53
      55
      55
      38
      49
      40
      49
      52
      54
      63
      31
      49
      51
      59
      70
      37
      58
      67
      56
      49
      57
      43
      48
      45
      50
      60
      43
      51
      48
      46
      47
      46
      46
      51
      52
      46
      47
      48
      59
      47
      55
      36
      54
      38
      35
      44
      61
      42
      62
      50
      47
      44
      56
      49
      44
      47
      55
      51
      53
      47
      45
      59
      52
      52
      38
      56
      44
      48
      39
      50
      44
      37
      52
      43
      30
      48
      46
      49
      55
      55
      44
      47
      54
      51
      39
      45
      45
      56
      56
      47
      53
      59
      34
      48
      44
      38
      35
      50
      46
      43
      47
      41
      48
      43
      49
      44
      44
      37
      45
      50
      40
      35
      38
      45
      39
      41
      36
      46
      49
      57
      34
      38
      49
      44
      47
      45
      45
      41
      36
      47
      51
      43
      50
      50
      43
      36
      36
      46
      65
      44
      46
      47
      58
      57
      45
      41
      46
      41
      38
      56
      38
      37
      49
      39
      49
      46
      50
      43
      41
      46
      44
      38
      56
      38
      42
      47
      45
      48
      47
      39
      48
      46
      41
      35
      28
      47
      30
      55
      44
      46
      46
      45
      50
      32
      31
      51
      40
      40
      38
      49
      36
      36
      50
      42
      43
      41
      54
      45
      36
      34
      35
      33
      37
      50
      30
      44
      38
      36
      38
      44
      48
      43
      46
      33
      46
      36
      42
      32
      46
      42
      44
      48
      38
      45
      53
      35
      39
      42
      46
      44
      30
      44
      58
      44
      37
      37
      50
      38
      36
      44
      40
      42
      39
      39
      37
      43
      30
      28
      39
      38
      47
      38
      40
      30
      47
      39
      48
      34
      30
      37
      36
      42
      38
      36
      40
      48
      42
      51
      38
      48
      38
      40
      40
      37
      42
      39
      40
      29
      45
      24
      42
      39
      37
      45
      35
      42
      39
      44
      41
      49
      35
      37
      39
      21
      47
      46
      32
      52
      46
      39
      31
      42
      34
      36
      36
      49
      35
      37
      43
      34
      26
      35
      42
      38
      35
      42
      32
      46
      39
      37
      50
      30
      40
      41
      37
      36
      36
      45
      35
      37
      37
      34
      35
      40
      35
      36
      41
      25
      50
      46
      48
      40
      37
      44
      39
      46
      40
      32
      39
      42
      43
      43
      31
      35
      35
      38
      39
      33
      29
      38
      36
      36
      40
      36
      31
      37
      39
      36
      41
      38
      32
      34
      39
      37
      31
      42
      39
      47
      42
      33
      34
      53
      35
      43
      38
      36
      38
      36
      40
      45
      48
      26
      32
      43
      32
      47
      34
      38
      43
      43
      57
      44
      24
      31
      43
      38
      39
      34
      42
      42
      46
      43
      38
      43
      35
      44
      51
      36
      38
      52
      46
      42
      47
      39
      48
      47
      46
      44
      41
      45
      33
      38
      37
      39
      41
      49
      36
      38
      37
      37
      48
      52
      44
      40
      50
      51
      44
      41
      49
      42
      42
      48
      52
      53
      38
      42
      43
      43
      32
      47
      46
      32
      40
      39
      45
      39
      51
      44
      39
      46
      29
      37
      44
      45
      37
      47
      34
      39
      50
      51
      50
      52
      43
      39
      36
      54
      39
      33
      47
      39
      53
      58
      48
      45
      37
      44
      51
      40
      51
      50
      48
      42
      35
      40
      44
      45
      34
      47
      34
      43
      37
      36
      43
      56
      46
      49
      29
      41
      56
      48
      39
      46
      41
      45
      52
      37
      48
      38
      40
      52
      32
      33
      35
      44
      39
      38
      39
      38
      32
      39
      40
      33
      38
      34
      41
      29
      30
      29
      32
      44
      31
      32
      23
      31
      39
      44
      41
      37
      37
      41
      33
      42
      26
      35
      19
      35
      31
      28
      25
      40
      37
      36
      21
      34
      30
      29
      27
      35
      34
      25
      24
      28
      20
      32
      26
      42
      29
      28
      30
      27
      32
      37
      34
      27
      37
      28
      29
      24
      24
      29
      32
      32
      31
      20
      33
      30
      32
      35
      31
      30
      28
      34
      29
      23
      23
      29
      33
      31
      34
      24
      17
      22
      32
      35
      27
      33
      28
      23
      33
      21
      23
      30
      38
      25
      18
      33
      27
      24
      23
      27
      30
      28
      29
      21
      24
      20
      22
      36
      25
      29
      31
      23
      26
      23
      26
      27
      35
      29
      23
      32
      18
      33
      24
      30
      27
      26
      23
      24
      26
      16
      26
      31
      17
      23
      28
      22
      26
      25
      28
      21
      27
      16
      20
      29
      28
      16
      26
      22
      34
      17
      17
      19
      31
      26
      19
      24
      19
      26
      24
      23
      20
      26
      21
      24
      25
      29
      40
      24
      24
      18
      37
      23
      19
      17
      19
      27
      31
      28
      38
      31
      27
      37
      35
      34
      28
      26
      31
      35
      28
      35
      26
      34
      37
      43
      36
      51
      48
      43
      42
      49
      37
      45
      49
      61
      60
      52
      62
      61
      58
      52
      65
      65
      73
      68
      77
      75
      74
      77
      73
      84
      83
      87
      75
      76
      79
      77
      94
      91
     105
      91
      98
      97
      97
     109
     114
      91
      82
     102
      88
      97
      83
      77
      88
     105
      88
      80
      89
     112
      90
      63
      99
      81
      81
      73
      68
      75
      84
      68
      74
      63
      68
      61
      75
      68
      54
      52
      57
      44
      53
      63
      43
      56
      43
      37
      56
      41
      38
      41
      44
      27
      33
      42
      31
      24
      31
      24
      27
      20
      25
      24
      12
      21
      27
      19
      13
      16
      22
      22
      13
      17
      15
       3
      17
      12
      12
       4
       9
      13
      10
      11
      15
       9
      10
      13
      11
       3
      12
       4
       8
       8
      13
       5
      11
      11
       7
      12
       8
      12
       6
      15
      10
      13
      11
       7
       6
      13
       9
       9
      15
      17
      11
      11
       8
      15
      24
      14
      21
      21
      14
      13
      12
      19
      15
      22
      16
      23
      30
      24
      27
      29
      22
      28
      23
      23
      29
      36
      35
      44
      34
      40
      26
      50
      50
      50
      43
      48
      52
      57
      48
      59
      54
      48
      46
      52
      70
      67
      54
      57
      63
      57
      65
      56
      70
      59
      67
      67
      61
      64
      68
      66
      72
      64
      93
      81
      68
      67
      92
      74
      76
      69
      66
      68
      66
      86
      61
      65
      67
      73
      72
      68
      68
      58
      56
      53
      69
      52
      63
      61
      61
      58
      53
      58
      50
      45
      43
      33
      44
      50
      37
      37
      36
      36
      34
      42
      31
      39
      30
      37
      31
      29
      26
      22
      31
      27
      24
      24
      26
      15
      27
      16
      15
      19
      13
       8
      20
      18
      18
      15
       9
       5
      12
       4
       7
       9
       9
       8
      10
       5
       6
       7
       7
       9
       9
       8
      10
      13
       5
       8
       7
       4
       7
      11
       7
       6
       7
       8
      10
       7
       8
      10
       4
       9
       5
       6
      10
       6
       9
       5
       6
       9
       4
      10
      17
       4
       5
       7
      13
       9
       9
       7
      15
       6
       8
       8
       9
       5
      10
      10
       3
       9
      10
       8
       5
       9
      10
       6
       9
       8
       7
      10
       6
      11
      10
       4
      15
       7
      10
      11
      10
       7
       6
       7
       4
       9
      13
      10
       9
       7
      11
       8
       6
       5
       8
      11
       9
       7
       8
       3
      11
       4
       9
       4
       8
       6
       7
       9
       7
       3
       6
       4
       3
       3
       6
       4
       6
       6
       4
       3
       4
       4
       5
       6
       7
       1
       6
       5
       5
       6
       4
       3
       8
       0
       6
       3
       1
       2
       4
       4
       3
       3
       1
       1
       3
       1
       0
       2
       3
       4
       0
       2
       1
       2
       2
       2
       1
       1
       1
       4
       0
       2
       1
       1
       4
       1
       2
       3
       5
       0
       2
       2
       1
       0
       0
       3
       1
       0
       2
       0
       0
       0
       1
       3
       1
       2
       1
       3
       3
       1
       3
       3
       4
       1
       5
       3
       4
       2
       2
       0
       1
       1
       1
       3
       1
       0
       0
       1
       3
       1
       2
       0
       4
       2
       0
       4
       1
       1
       1
       2
       2
       0
       1
       0
       1
       3
       1
       3
       3
       4
       2
       1
       0
       3
       1
       1
       3
       2
       2
       2
       1
       2
       1
       0
       2
       1
       1
       2
       1
       1
       1
       2
       3
       2
       2
       2
       3
       1
       0
       0
       0
       2
       0
       1
       4
       1
       0
       0
       3
       0
       3
       0
       0
       1
       1
       2
       1
       1
       0
       1
       1
       0
       0
       5
       4
       1
       5
       2
       1
       2
       2
       2
       3
       1
       1
       1
       2
       1
       1
       1
       0
       1
       2
       3
       2
       6
       2
       1
       1
       2
       3
       1
       1
       2
       0
       2
       1
       0
       0
       2
       1
       1
       1
       0
       1
       1
       0
       3
       0
       0
       0
       0
       3
       4
       0
       1
       2
       2
       1
       3
       4
       1
       1
       3
       1
       1
       2
       1
       0
       2
       4
       0
       2
       0
       3
       2
       2
       3
       1
       0
       3
       1
       1
       3
       0
       1
       0
       2
       2
       2
       1
       2
       1
       1
       4
       1
       0
       3
       2
       2
       2
       2
       1
       5
       2
       2
       0
       0
       2
       0
       0
       0
       1
       0
       0
       2
       0
       1
       2
       0
       2
       1
       1
       3
       2
       2
       0
       1
       0
       0
       0
       2
       0
       3
       1
       5
       3
       5
       0
       4
       2
       3
       2
       1
       0
       1
       1
       3
       2
       5
       0
       1
       1
       1
       1
       1
       6
       3
       2
       1
       2
       0
       1
       3
       1
       1
       2
       2
       0
       0
       4
       2
       0
       3
       2
       0
       4
       2
       2
       1
       0
       0
       1
       2
       0
       3
       1
       6
      11
       9
       6
       5
      11
       7
       8
      11
       6
       7
       6
       6
       4
       7
       7
      10
       4
       2
       9
       6
      11
      10
      10
       6
       7
       6
      14
      11
       5
      11
       3
      13
      10
       8
       7
       5
       5
       1
       7
       6
       2
       4
       9
       4
       5
$ROI:
1
344 440
$PRESETS:
Real Time
300
0
$ENER_FIT:
-47.083363 0.930556
$MCA_CAL:
3
-4.708336E+001 9.305556E-001 0.000000E+000 keV
$SHAPE_CAL:
3
0.000000E+000 0.000000E+000 0.000000E+000
