$SPEC_ID:
40
$SPEC_REM:
DET# 1
DETDESC# OCL-MASSPEC MCB 337
AP# Maestro Version 7.01
$DATE_MEA:
09/24/2025 14:17:41
$MEAS_TIM:
299 300
$DATA:
0 2047
       0
       0
       0
       0
       0
       0
       0
       0
       0
       0
       0
       0
       0
       0
       0
       0
       1
       4
      25
      54
      45
      42
      51
      51
      57
      58
      58
      49
      55
      69
      56
      68
      63
      61
      70
      56
      67
      76
      74
      88
      70
      74
      77
      64
      70
      73
      76
      71
      71
      93
      95
      83
      77
      76
      68
      82
      96
      94
     116
      99
     118
      98
     118
     111
     121
     136
     148
     149
     131
     173
     164
     152
     169
     179
     201
     193
     175
     189
     200
     212
     235
     258
     248
     233
     273
     254
     252
     259
     252
     266
     278
     296
     292
     291
     291
     277
     312
     297
     335
     326
     336
     340
     363
     313
     319
     325
     329
     340
     299
     344
     326
     309
     372
     321
     355
     327
     345
     358
     346
     351
     352
     353
     341
     316
     320
     313
     351
     347
     297
     321
     320
     314
     319
     359
     379
     319
     341
     353
     380
     288
     330
     319
     287
     291
     311
     297
     341
     308
     290
     334
     313
     349
     292
     300
     302
     283
     302
     316
     288
     300
     300
     280
     276
     280
     265
     295
     277
     312
     255
     277
     283
     265
     269
     245
     262
     270
     277
     252
     275
     220
     253
     239
     238
     240
     238
     261
     215
     225
     265
     250
     249
     252
     230
     237
     232
     209
     210
     208
     219
     216
     202
     217
     210
     208
     204
     192
     207
     216
     191
     225
     195
     196
     193
     196
     177
     181
     176
     181
     192
     172
     215
     188
     176
     186
     206
     169
     179
     184
     207
     172
     152
     165
     183
     175
     151
     157
     161
     162
     171
     159
     158
     166
     153
     150
     146
     159
     160
     150
     159
     167
     154
     136
     136
     148
     145
     136
     153
     122
     136
     154
     151
     136
     142
     150
     132
     144
     138
     127
     147
     120
     125
     121
     119
     139
     127
     135
     132
     115
     145
     116
     140
     111
     118
     120
     120
     136
     123
     131
     132
     128
     135
     121
     131
      91
     133
     129
      97
     112
     112
     103
      93
     100
     111
     107
      96
      84
     116
      94
      92
      94
      91
      85
      95
      80
      75
     113
      91
      93
      81
      82
      71
      87
     104
      84
      77
      70
      69
      92
      79
      77
      72
      81
      76
      81
      72
      65
      86
      69
      70
      83
      76
      70
      78
      78
      71
      61
      75
      77
      61
      63
      70
      80
      69
      69
      69
      52
      60
      49
      48
      57
      85
      58
      74
      55
      57
      56
      62
      54
      60
      68
      51
      60
      60
      53
      46
      53
      49
      57
      56
      42
      53
      58
      50
      52
      63
      51
      64
      63
      49
      61
      46
      61
      48
      59
      58
      47
      43
      49
      56
      59
      61
      48
      46
      43
      51
      45
      43
      40
      47
      41
      56
      51
      51
      40
      40
      47
      46
      39
      38
      54
      38
      43
      40
      46
      61
      39
      42
      42
      43
      38
      50
      42
      45
      52
      43
      56
      45
      29
      38
      40
      40
      33
      48
      31
      23
      32
      42
      28
      32
      39
      43
      33
      30
      42
      31
      42
      37
      22
      30
      37
      34
      31
      28
      30
      45
      34
      23
      35
      37
      22
      24
      24
      31
      17
      28
      30
      32
      29
      24
      28
      37
      33
      37
      27
      35
      28
      24
      29
      31
      28
      27
      28
      23
      39
      35
      28
      40
      20
      22
      22
      38
      31
      31
      21
      20
      17
      28
      27
      26
      22
      35
      30
      23
      30
      25
      22
      37
      21
      27
      25
      19
      14
      29
      28
      22
      22
      24
      19
      19
      21
      14
      24
      23
      26
      18
      30
      26
      27
      27
      28
      21
      16
      24
      23
      19
      22
      25
      22
      21
      29
      21
      30
      21
      25
      14
      27
      19
      26
      19
      19
      16
      17
      14
      28
      22
      20
      22
      18
      23
      16
      22
      24
      19
      17
      15
      24
      31
      19
      25
      28
      32
      18
      34
      29
      19
      14
      22
      17
      24
      23
      21
      27
      19
      24
      26
      16
      23
      17
      18
      13
      17
      24
      20
      25
      19
      20
      17
      16
      14
      23
      11
      24
      15
      16
      18
      20
      14
      19
      17
      18
      18
      12
      15
      25
      11
      17
      16
      14
      15
      14
      21
      22
      12
      16
      16
      17
      10
      20
      24
      20
      11
      18
      16
      17
      14
      18
      22
      17
      21
      17
      16
      22
      22
      14
      17
      17
      27
      19
      14
      21
      20
      23
      14
      18
      19
      18
      14
      23
      20
      17
      16
      16
      16
      19
      23
      25
      17
      29
      20
      22
      23
      22
      13
      10
      28
      10
      18
      26
      22
      16
      17
      20
      18
      21
      23
      19
      12
      13
      20
      27
      27
      13
      13
      10
      16
      24
      17
      20
      19
      19
      16
      14
      13
      10
      17
      13
      13
      11
      12
      13
      16
      17
      10
      15
      14
      13
       9
      13
      12
      12
      15
      16
       9
      18
      13
       8
      14
      18
      13
      13
      18
      13
       8
      11
      11
      13
       9
      15
       6
       9
      15
       9
       8
       8
      11
       9
      12
      12
      12
      14
      10
      10
      10
      11
      14
      10
      12
      10
      11
       9
      10
       9
       9
       6
      11
       8
      13
      18
       8
      17
       4
      16
       9
      13
      17
      13
       6
      13
      11
      16
       8
       5
       7
      10
       9
      12
       8
      10
      13
       7
      14
      16
      16
       8
      13
       8
       8
      15
       8
       8
       5
      16
       8
       6
       5
       7
       5
       8
       4
      11
       5
       6
      13
      15
      15
       8
       6
      10
       9
      10
       6
      14
      16
       9
       5
       5
      13
      14
       7
      13
      13
       8
       7
      10
       5
       9
       8
       8
       8
      10
      11
       9
       8
       4
       8
      10
       6
       7
       7
      14
      11
      11
       7
      10
      10
       9
       8
       7
       7
       8
       7
       8
       8
      12
       6
      11
      11
       8
      10
       4
       9
       9
       9
       7
       8
      12
      11
       6
      12
      13
       9
      14
       9
       6
      12
       9
      13
       4
      10
       9
      13
       7
       7
       6
       9
       8
       8
       9
       6
       3
      10
       6
       7
       7
       6
      12
       6
       7
      11
       9
       4
       9
       5
       4
       6
      10
      10
       8
       4
      12
       4
       7
       7
       7
      10
      10
      13
      13
       8
       5
       9
       8
       6
       3
       8
       8
       6
       9
       9
       7
       6
       9
       6
       8
      13
      10
      13
       5
       6
      14
       5
       8
       7
       6
      11
      11
       9
      10
       7
       5
      11
      10
       6
       9
       9
       6
       6
      10
      10
      11
       7
       3
      12
      10
       9
       6
      11
      10
       9
       7
       7
       7
      12
      10
       8
       7
      10
       6
       8
       7
       7
       9
       7
       7
       6
       8
       8
       6
      10
       7
      14
      11
       3
       5
      10
       2
       5
       9
       9
      14
       8
       6
       9
      10
       7
       4
       5
      11
      11
       8
       8
       4
       5
       5
      15
       7
       8
       9
       7
       8
      11
       9
       9
       5
      10
       5
       8
       4
      11
      10
       5
       9
       5
       8
      14
       7
       5
       6
       7
       7
      13
       9
      13
       8
       7
       6
      13
       7
       7
       8
      12
       8
       9
       6
      10
       9
       5
       7
       3
       4
       5
      10
       7
       8
       6
       6
       2
       6
       6
       3
       2
       6
       7
       9
       7
       4
       2
       6
      10
       7
       3
       8
       8
       8
       5
       9
       7
       7
       6
       8
       7
       3
       6
       6
       6
       5
       3
       7
       7
       3
       4
      11
       6
       9
       5
       9
       5
       5
       5
       7
       2
       3
       6
       6
       4
       5
       7
       8
       4
       9
       6
       4
       4
       5
       4
       5
       6
       0
       4
       4
       6
       3
       4
       6
       8
       3
       5
       2
       3
       6
       7
       3
       3
       6
       6
       5
       3
       6
       3
       7
       6
       5
       7
       7
       8
       4
       3
       7
       3
       7
       7
       7
       6
       7
       4
       8
       6
       2
       8
       3
       7
       9
       8
       5
      11
       2
       6
       6
      10
       3
       4
       5
       4
       7
       6
       5
      11
       3
       1
       6
       4
       6
       6
       4
       8
       4
       7
       6
      11
       7
       6
       6
       9
       9
       8
       2
       4
       4
       6
       5
       5
       8
       5
       2
      11
       8
       7
       4
       3
       4
       7
       4
       3
       7
       4
       4
      12
       6
       4
       8
       8
       3
       9
       5
       5
      10
       6
       5
       5
       4
       3
       2
      10
       7
       5
       6
      11
       6
       8
       5
       6
       6
       7
       5
       6
       3
       8
       2
       4
       7
       5
       7
       3
       2
       6
       4
       7
       6
       3
       4
       3
       2
       5
       6
       6
       7
       4
       6
       5
       6
       4
       7
       4
       3
       3
       4
       5
       7
       6
       6
       2
       8
      10
       7
       6
       2
       4
       6
      10
       3
       9
       5
       5
       1
       3
       8
       3
       4
       3
       6
       6
       3
       5
       3
       2
       6
       5
       1
       2
      10
       1
       6
       4
       4
       7
       7
       3
       4
       4
       5
       4
       7
       1
       6
       3
       3
       2
       3
       5
       3
       3
       1
       6
       1
       2
       3
       2
       4
       6
       1
       2
       3
       4
       1
       3
       3
       7
       2
       3
       4
       6
       7
       2
       5
       3
       3
       2
       2
       5
       4
       4
       4
       1
       2
       4
       5
       4
       0
       0
       4
       3
       1
       5
       5
       6
       2
       0
       1
       5
       4
       2
       4
       1
       1
       1
       4
       1
       5
       1
       3
       2
       1
       2
       3
       4
       2
       6
       2
       1
       1
       4
       2
       1
       2
       0
       2
       4
       2
       2
       1
       2
       1
       1
       4
       1
       3
       1
       1
       2
       2
       5
       1
       1
       4
       3
       1
       4
       2
       1
       2
       1
       2
       5
       2
       1
       2
       4
       2
       6
       4
       2
       3
       4
       2
       0
       2
       2
       2
       1
       4
       2
       1
       3
       3
       4
       0
       8
       2
       4
       0
       2
       4
       2
       1
       3
       3
       4
       0
       5
       2
       4
       1
       0
       1
       1
       2
       6
       4
       4
       2
       1
       3
       1
       2
       4
       5
       3
       4
       6
       3
       3
       2
       4
       2
       4
       2
       6
       3
       0
       4
       2
       2
       1
       3
       4
       4
       5
       2
       3
       5
       4
       6
       5
       4
       2
       7
       3
       2
       9
       7
       2
       7
       1
       3
       3
       8
       8
       8
       5
       8
       8
       9
       7
       4
      13
       8
       6
       6
       4
       6
       6
       7
       8
       5
       7
       9
       9
      14
       9
      10
       5
       9
      12
      14
       9
      10
      14
       5
       9
       9
       5
      18
       9
      12
       8
       7
      13
       8
      12
      10
       6
      10
       7
       7
       9
       9
       7
      12
       7
      11
       6
      10
      14
       8
       7
       7
       7
      10
       5
      10
       8
       9
       5
       4
       5
       4
       4
       5
      10
       8
       9
       6
       8
       7
       4
       6
       2
       6
       4
       5
       6
       6
       5
       2
       6
       5
       4
       4
       4
       1
       3
       2
       2
       1
       1
       1
       8
       4
       2
       0
       2
       1
       1
       2
       4
       2
       2
       1
       2
       2
       3
       1
       2
       2
       1
       4
       2
       2
       1
       0
       1
       1
       1
       1
       1
       1
       1
       1
       5
       1
       2
       1
       0
       1
       0
       3
       0
       0
       2
       3
       1
       0
       1
       0
       0
       1
       0
       2
       0
       1
       2
       1
       2
       1
       3
       3
       1
       2
       3
       1
       3
       1
       1
       0
       2
       2
       1
       0
       3
       3
       3
       2
       1
       1
       3
       1
       1
       1
       6
       0
       1
       0
       1
       0
       0
       1
       1
       2
       1
       2
       1
       2
       0
       0
       1
       1
       0
       2
       2
       4
       0
       0
       1
       1
       0
       3
       3
       1
       1
       4
       0
       0
       0
       1
       1
       0
       3
       0
       0
       0
       1
       2
       0
       1
       0
       3
       0
       0
       1
       3
       0
       3
       0
       1
       4
       3
       0
       1
       2
       1
       1
       1
       2
       0
       0
       0
       0
       1
       2
       2
       0
       1
       0
       1
       1
       1
       0
       0
       2
       0
       1
       2
       0
       2
       1
       1
       1
       1
       1
       0
       0
       2
       1
       4
       0
       2
       0
       2
       0
       0
       0
       1
       1
       1
       1
       3
       0
       0
       0
       0
       1
       1
       0
       2
       3
       0
       0
       5
       1
       1
       1
       0
       1
       0
       0
       1
       0
       0
       1
       2
       7
       2
       2
       4
       1
       0
       1
       3
       2
       0
       1
       0
       1
       1
       0
       3
       0
       2
       0
       3
       1
       1
       3
       2
       1
       0
       1
       1
       0
       1
       0
       1
       0
       3
       2
       0
       0
       0
       2
       0
       0
       2
       2
       1
       2
       0
       2
       1
       0
       1
       1
       0
       1
       0
       0
       1
       1
       1
       0
       3
       0
       1
       0
       1
       2
       0
       0
       2
       1
       1
       0
       1
       1
       1
       1
       2
       2
       0
       1
       1
       0
       0
       0
       2
       0
       0
       1
       1
       1
       1
       0
       0
       0
       0
       0
       1
       1
       1
       2
       0
       0
       2
       1
       0
       0
       0
       3
       1
       0
       0
       0
       1
       2
       0
       0
       0
       1
       1
       0
       2
       1
       0
       0
       0
       2
       0
       2
       3
       3
       0
       0
       2
       5
       7
       4
       4
       5
       5
       4
       8
       3
       5
       6
       3
       6
       9
       8
       1
       3
       3
       8
       7
       6
       8
       3
       4
       5
       3
       6
       2
       2
       8
       5
       5
       7
       7
       6
       2
       7
       3
       4
       2
       3
       3
       3
       5
       3
       2
$ROI:
1
344 440
$PRESETS:
Real Time
300
0
$ENER_FIT:
-47.083363 0.930556
$MCA_CAL:
3
-4.708336E+001 9.305556E-001 0.000000E+000 keV
$SHAPE_CAL:
3
0.000000E+000 0.000000E+000 0.000000E+000
