$SPEC_ID:
40
$SPEC_REM:
DET# 1
DETDESC# OCL-MASSPEC MCB 337
AP# Maestro Version 7.01
$DATE_MEA:
09/24/2025 14:26:02
$MEAS_TIM:
283 300
$DATA:
0 2047
       0
       0
       0
       0
       0
       0
       0
       0
       0
       0
       0
       0
       0
       0
       0
       0
       0
      43
     526
    1055
    1239
    1251
    1272
    1342
    1283
    1314
    1357
    1391
    1420
    1390
    1379
    1459
    1654
    1650
    1841
    2065
    2517
    2933
    3924
    5204
    7297
    9944
   12606
   15081
   16099
   15981
   13646
   11170
    8320
    6422
    5066
    4031
    3286
    2666
    2287
    1817
    1658
    1541
    1509
    1496
    1504
    1553
    1547
    1544
    1509
    1538
    1549
    1564
    1455
    1539
    1518
    1510
    1552
    1564
    1582
    1607
    1628
    1635
    1609
    1634
    1551
    1632
    1694
    1666
    1619
    1654
    1640
    1692
    1721
    1647
    1588
    1699
    1688
    1641
    1632
    1719
    1784
    1679
    1685
    1739
    1733
    1759
    1649
    1730
    1863
    1824
    1800
    1727
    1654
    1768
    1673
    1781
    1758
    1751
    1739
    1819
    1846
    1772
    1745
    1822
    1732
    1779
    1736
    1763
    1762
    1777
    1778
    1734
    1774
    1760
    1781
    1763
    1852
    1760
    1819
    1772
    1766
    1802
    1782
    1849
    1776
    1794
    1847
    1829
    1829
    1858
    1853
    1811
    1821
    1836
    1853
    1804
    1864
    1808
    1891
    1841
    1986
    1853
    1873
    1854
    1925
    1903
    1844
    1932
    1813
    1825
    1878
    1873
    1920
    1871
    1828
    1878
    1907
    1776
    1849
    1917
    1819
    1849
    1815
    1843
    1884
    1767
    1868
    1827
    1851
    1875
    1816
    1875
    1864
    1769
    1798
    1821
    1817
    1841
    1824
    1802
    1845
    1888
    1820
    1876
    1814
    1860
    1800
    1933
    1898
    1940
    1841
    1936
    1860
    1852
    1933
    1979
    2050
    1988
    2032
    2090
    2225
    2217
    2227
    2339
    2264
    2521
    2445
    2542
    2509
    2601
    2697
    2819
    2837
    2908
    2836
    2951
    2800
    2815
    2834
    2943
    2939
    2945
    2961
    2748
    2823
    2854
    2796
    2691
    2634
    2724
    2642
    2666
    2566
    2616
    2534
    2634
    2466
    2515
    2503
    2411
    2385
    2414
    2451
    2384
    2389
    2463
    2391
    2431
    2318
    2291
    2264
    2257
    2193
    2159
    2220
    2221
    2204
    2189
    2145
    2222
    2198
    2220
    2084
    2130
    2080
    2093
    2126
    2040
    2016
    2062
    2075
    2024
    2041
    1979
    2060
    1990
    2002
    1977
    1942
    1895
    1922
    1852
    1947
    1984
    1892
    1864
    1861
    1832
    1877
    1835
    1802
    1796
    1832
    1754
    1801
    1775
    1836
    1794
    1771
    1750
    1759
    1815
    1798
    1733
    1770
    1775
    1709
    1661
    1701
    1761
    1688
    1663
    1685
    1664
    1654
    1732
    1661
    1711
    1708
    1698
    1670
    1629
    1647
    1605
    1609
    1622
    1605
    1679
    1653
    1577
    1540
    1640
    1595
    1567
    1651
    1602
    1553
    1613
    1568
    1551
    1484
    1466
    1536
    1517
    1563
    1488
    1510
    1538
    1528
    1532
    1416
    1512
    1482
    1474
    1506
    1486
    1525
    1551
    1456
    1573
    1518
    1531
    1467
    1445
    1494
    1545
    1537
    1430
    1476
    1453
    1493
    1428
    1501
    1520
    1500
    1453
    1482
    1378
    1452
    1476
    1451
    1497
    1485
    1500
    1464
    1447
    1430
    1472
    1433
    1443
    1441
    1422
    1470
    1418
    1413
    1435
    1466
    1418
    1414
    1440
    1442
    1491
    1436
    1498
    1469
    1486
    1486
    1466
    1403
    1403
    1437
    1433
    1473
    1414
    1470
    1444
    1476
    1416
    1389
    1427
    1385
    1450
    1433
    1419
    1436
    1451
    1434
    1433
    1433
    1419
    1425
    1449
    1400
    1513
    1528
    1426
    1396
    1450
    1461
    1450
    1452
    1480
    1432
    1525
    1440
    1489
    1485
    1478
    1435
    1476
    1392
    1410
    1461
    1408
    1483
    1535
    1506
    1457
    1531
    1386
    1459
    1449
    1499
    1422
    1494
    1480
    1548
    1494
    1476
    1495
    1518
    1451
    1494
    1373
    1453
    1469
    1513
    1404
    1423
    1474
    1467
    1485
    1459
    1438
    1425
    1459
    1459
    1466
    1424
    1480
    1469
    1395
    1474
    1515
    1444
    1455
    1462
    1454
    1428
    1458
    1378
    1400
    1346
    1399
    1360
    1367
    1425
    1277
    1356
    1360
    1287
    1324
    1272
    1300
    1198
    1251
    1171
    1210
    1197
    1095
    1123
    1022
    1018
    1033
     993
    1000
     942
     953
     927
     916
     899
     873
     858
     836
     744
     791
     803
     742
     694
     728
     652
     693
     633
     649
     591
     577
     552
     564
     588
     547
     536
     540
     515
     488
     527
     479
     468
     484
     460
     479
     483
     477
     430
     465
     415
     472
     451
     405
     432
     392
     371
     378
     380
     406
     373
     382
     348
     380
     382
     367
     372
     348
     334
     339
     331
     324
     328
     322
     277
     351
     276
     296
     338
     275
     308
     269
     267
     276
     293
     285
     255
     263
     267
     280
     261
     246
     236
     253
     266
     255
     219
     241
     247
     199
     234
     243
     244
     230
     235
     213
     235
     201
     243
     193
     212
     233
     226
     224
     196
     231
     196
     214
     220
     226
     218
     221
     224
     225
     217
     208
     214
     212
     223
     201
     202
     191
     191
     229
     196
     223
     249
     206
     217
     188
     223
     198
     214
     182
     213
     227
     215
     189
     224
     209
     201
     229
     222
     235
     261
     255
     241
     236
     242
     244
     268
     294
     293
     284
     325
     353
     368
     392
     407
     441
     480
     529
     561
     599
     604
     724
     720
     782
     860
     895
    1035
    1115
    1177
    1283
    1417
    1521
    1583
    1777
    1882
    2055
    2176
    2237
    2513
    2623
    2759
    2971
    3220
    3378
    3584
    3966
    4012
    4293
    4485
    4789
    5007
    5214
    5485
    5720
    5979
    6162
    6389
    6700
    7016
    7000
    7274
    7740
    7851
    7865
    8100
    8437
    8388
    8631
    8846
    8937
    8977
    9097
    9200
    9198
    9301
    9217
    9170
    9264
    9199
    8966
    8930
    8775
    8750
    8329
    8128
    8255
    8080
    7857
    7463
    7249
    6905
    6626
    6455
    6089
    5969
    5661
    5288
    5123
    4748
    4630
    4320
    3996
    3707
    3473
    3324
    3234
    2871
    2652
    2419
    2227
    2052
    1895
    1646
    1609
    1393
    1264
    1212
     997
     967
     835
     775
     672
     614
     570
     464
     441
     403
     352
     317
     282
     239
     229
     196
     170
     166
     151
     134
     130
     110
     108
      95
      83
      88
      87
      79
      86
      76
      62
      65
      58
      63
      73
      64
      68
      71
      57
      79
      72
      68
      54
      57
      48
      49
      57
      66
      58
      62
      64
      63
      49
      73
      60
      54
      49
      53
      50
      64
      53
      52
      56
      61
      68
      47
      49
      52
      70
      46
      66
      72
      52
      53
      66
      58
      54
      45
      46
      38
      59
      48
      68
      52
      69
      54
      65
      49
      59
      44
      56
      67
      51
      53
      42
      59
      54
      52
      54
      68
      52
      63
      59
      42
      53
      53
      53
      55
      60
      50
      60
      63
      45
      54
      58
      61
      57
      50
      61
      59
      59
      58
      40
      43
      51
      48
      40
      60
      59
      47
      48
      44
      50
      47
      67
      50
      52
      40
      55
      52
      47
      46
      49
      54
      55
      42
      48
      64
      49
      62
      52
      53
      54
      37
      48
      64
      50
      47
      50
      55
      53
      49
      60
      51
      55
      49
      38
      57
      53
      57
      49
      57
      49
      60
      72
      47
      68
      52
      59
      62
      52
      70
      71
      63
      51
      57
      59
      54
      59
      46
      42
      58
      52
      48
      65
      62
      59
      57
      57
      46
      46
      55
      42
      61
      63
      56
      46
      70
      59
      54
      48
      57
      60
      57
      71
      39
      57
      43
      41
      65
      52
      50
      51
      51
      59
      50
      57
      54
      39
      45
      46
      68
      47
      47
      47
      56
      50
      50
      46
      40
      48
      47
      46
      50
      50
      44
      53
      50
      48
      46
      61
      39
      47
      59
      41
      50
      60
      53
      62
      66
      38
      48
      50
      43
      42
      39
      35
      37
      48
      44
      45
      63
      49
      42
      43
      42
      33
      52
      44
      34
      40
      41
      42
      31
      50
      47
      36
      44
      41
      41
      38
      45
      32
      36
      42
      42
      39
      38
      47
      32
      31
      41
      43
      42
      30
      29
      33
      34
      48
      43
      42
      39
      43
      38
      32
      49
      33
      45
      37
      51
      35
      42
      41
      32
      40
      27
      44
      31
      35
      25
      33
      36
      23
      31
      31
      34
      36
      40
      34
      26
      32
      45
      38
      43
      28
      32
      42
      39
      33
      27
      32
      33
      23
      40
      31
      23
      35
      36
      26
      25
      38
      19
      28
      31
      30
      40
      38
      39
      30
      30
      31
      32
      29
      25
      36
      41
      45
      32
      32
      32
      20
      29
      29
      34
      37
      28
      23
      21
      29
      30
      36
      43
      29
      20
      32
      28
      29
      25
      23
      34
      32
      29
      21
      29
      26
      36
      30
      33
      27
      23
      28
      27
      27
      31
      22
      25
      34
      28
      41
      28
      27
      16
      24
      24
      31
      21
      31
      28
      26
      19
      29
      36
      25
      26
      23
      31
      34
      32
      26
      26
      27
      27
      32
      26
      27
      27
      26
      30
      37
      35
      35
      41
      49
      35
      45
      32
      40
      38
      27
      47
      44
      39
      42
      68
      51
      53
      54
      51
      51
      60
      50
      45
      65
      60
      64
      54
      49
      65
      59
      57
      77
      77
      76
      80
      68
      90
      94
      87
      79
      69
      85
      75
     110
      89
      92
      85
      98
      99
      93
      89
     112
      91
      98
      88
     121
      89
      97
      93
     107
     101
      92
     102
     101
      99
      97
      80
      89
      85
      86
      93
      88
      79
      71
      75
      84
      64
      84
      62
      82
      66
      71
      77
      80
      56
      50
      46
      58
      64
      40
      59
      67
      49
      55
      40
      36
      55
      37
      32
      39
      27
      45
      25
      38
      28
      34
      21
      26
      29
      34
      23
      14
      25
      12
      29
      14
      19
      17
      13
      17
      25
      17
      17
      15
       9
       7
      14
      10
      17
      16
      14
       7
       3
      13
       7
      13
       7
      14
      13
       9
      19
       7
      17
       9
      15
      12
       8
      15
      16
      14
       8
      11
      11
      10
      14
      14
      14
      18
      17
      18
      17
      14
      21
      13
      15
      16
      25
      21
      21
      36
      22
      26
      31
      24
      38
      35
      31
      28
      27
      34
      36
      34
      45
      31
      40
      36
      42
      37
      38
      43
      40
      42
      44
      48
      50
      39
      47
      59
      51
      44
      52
      60
      57
      59
      74
      63
      70
      80
      80
      72
      73
      75
      77
      80
      71
      67
      69
      77
      71
      99
      81
      85
      86
      64
      77
      77
      77
      70
      86
      77
      65
      72
      60
      68
      75
      74
      73
      64
      73
      79
      76
      58
      60
      75
      58
      63
      74
      80
      46
      49
      47
      67
      49
      55
      53
      47
      41
      42
      44
      52
      40
      37
      32
      35
      25
      33
      30
      30
      36
      25
      30
      33
      23
      31
      17
      28
      17
      22
      17
      12
      20
      17
      16
      16
      20
      17
      14
      20
      11
      14
      14
       8
      12
      11
      15
      11
      11
       9
      12
       8
       8
       7
       5
       8
      10
       9
       5
       5
      10
       6
       6
      10
       3
       9
      11
       6
       5
       6
      11
       9
      10
       9
       6
       7
       8
      15
       4
       6
       4
       5
       7
      10
       9
      13
       3
       9
      13
      10
      13
      19
       9
       9
      10
      11
       6
       7
      10
       9
       5
      10
       7
       7
      19
       4
       6
       9
       8
       9
       9
       6
       9
      12
      12
       9
       8
      10
      10
       9
       8
      10
       4
       4
       9
       6
       7
       9
      12
      13
      10
       7
      11
       8
       6
       7
       9
       3
       7
       5
       7
       6
       5
       3
       4
       4
       6
       7
       8
       6
       3
       6
       3
       5
       4
       6
       5
       3
       5
       4
       7
       1
       1
       6
       5
       8
       1
       4
       5
       1
       6
       6
       8
       2
       4
       1
       0
       3
       2
       1
       1
       1
       2
       3
       1
       4
       2
       7
       2
       2
       4
       5
       2
       1
       3
       1
       2
       2
       2
       6
       3
       3
       1
       0
       1
       1
       3
       2
       0
       4
       3
       2
       1
       2
       0
       0
       4
       2
       1
       5
       2
       1
       3
       2
       1
       0
       2
       1
       2
       1
       4
       1
       6
       3
       1
       2
       2
       3
       0
       1
       4
       2
       3
       2
       4
       3
       2
       1
       1
       2
       1
       3
       2
       1
       5
       4
       1
       5
       6
       3
       3
       1
       2
       3
       2
       0
       4
       3
       1
       2
       2
       2
       2
       2
       1
       1
       1
       0
       2
       3
       1
       1
       4
       4
       3
       1
       1
       4
       3
       2
       1
       1
       2
       3
       1
       0
       1
       2
       3
       3
       2
       1
       1
       0
       2
       3
       3
       3
       2
       1
       1
       1
       4
       0
       0
       0
       3
       3
       2
       2
       2
       0
       0
       2
       2
       1
       3
       1
       2
       3
       0
       2
       2
       2
       1
       3
       2
       2
       0
       1
       2
       0
       1
       0
       0
       0
       1
       1
       1
       0
       1
       1
       1
       3
       0
       1
       1
       2
       1
       1
       2
       1
       2
       2
       3
       1
       1
       2
       1
       2
       0
       0
       2
       0
       0
       2
       1
       1
       3
       3
       1
       1
       0
       1
       3
       5
       0
       0
       0
       2
       3
       4
       0
       1
       3
       2
       0
       3
       0
       2
       1
       0
       3
       2
       1
       2
       2
       0
       3
       1
       2
       2
       3
       2
       2
       2
       1
       2
       3
       1
       1
       5
       3
       1
       3
       1
       3
       2
       4
       1
       4
       1
       2
       4
       3
       6
       2
       2
       2
       1
       1
       0
       2
       0
       0
       3
       2
       0
       1
       2
       2
       1
       1
       2
       2
       1
       2
       0
       2
       2
       1
       0
       0
       2
       1
       1
       1
       5
       2
       1
       2
       0
       0
       3
       1
       3
       3
       2
       5
       3
       1
       1
       2
       4
       2
       1
       1
       1
       3
       0
       1
       2
       1
       0
       5
       0
       1
       2
       1
       3
       4
       1
       1
       3
      11
       9
       4
       8
      15
       9
      10
      14
       7
       4
      12
       9
      11
      10
       9
      11
       5
      14
       8
       4
      14
      12
      11
       7
       7
       8
       2
       6
       5
       6
       8
       5
      12
       7
       8
       8
      10
       9
       5
       5
       1
       5
       6
       6
       5
       5
$ROI:
1
344 440
$PRESETS:
Real Time
300
0
$ENER_FIT:
-47.083363 0.930556
$MCA_CAL:
3
-4.708336E+001 9.305556E-001 0.000000E+000 keV
$SHAPE_CAL:
3
0.000000E+000 0.000000E+000 0.000000E+000
