$SPEC_ID:
No sample description was entered.
$SPEC_REM:
DET# 8
DETDESC# Detector #8 - 80% HPGe (Matchmaker MCB 1)
AP# Maestro Version 7.01
$DATE_MEA:
10/22/2025 14:17:37
$MEAS_TIM:
246 300
$DATA:
0 8191
       0
       0
       0
       0
       0
       0
       0
       0
       0
       0
       0
       0
       0
       0
       0
       0
       0
       0
       0
       0
       0
       0
       0
       0
       0
       0
       0
       0
       0
       0
       0
       0
       0
       0
       0
       0
       0
       0
       0
       0
       0
       0
       0
       0
       0
       0
       0
       0
       0
       0
       9
     263
     496
     438
     386
     409
     397
     418
     415
     402
     380
     390
     399
     385
     374
     396
     352
     383
     415
     382
     357
     357
     325
     364
     394
     347
     386
     327
     348
     366
     357
     379
     323
     322
     330
     312
     332
     352
     324
     346
     339
     322
     324
     292
     300
     306
     320
     323
     317
     320
     321
     313
     339
     316
     306
     306
     340
     336
     293
     304
     306
     251
     303
     331
     322
     285
     304
     283
     309
     310
     267
     310
     274
     336
     302
     332
     276
     262
     302
     236
     280
     262
     237
     307
     323
     314
     302
     274
     296
     302
     300
     282
     275
     274
     313
     284
     277
     301
     324
     286
     275
     265
     249
     290
     279
     251
     273
     268
     271
     243
     272
     294
     286
     260
     256
     291
     271
     298
     270
     252
     255
     289
     264
     258
     266
     276
     255
     302
     281
     276
     262
     265
     268
     272
     255
     283
     253
     266
     275
     233
     234
     262
     245
     254
     243
     262
     249
     253
     244
     282
     261
     249
     259
     291
     234
     275
     261
     247
     270
     260
     265
     266
     254
     237
     279
     240
     257
     249
     269
     241
     238
     239
     247
     264
     241
     243
     247
     268
     262
     251
     258
     257
     250
     227
     270
     248
     251
     234
     220
     228
     288
     257
     239
     255
     247
     219
     241
     249
     237
     234
     251
     250
     261
     207
     246
     214
     259
     223
     261
     257
     249
     243
     239
     276
     290
     240
     246
     254
     232
     249
     285
     248
     244
     276
     276
     245
     245
     255
     219
     255
     277
     220
     257
     233
     249
     255
     253
     262
     241
     264
     245
     232
     225
     228
     250
     236
     199
     242
     225
     260
     233
     228
     220
     231
     205
     252
     252
     235
     239
     290
     228
     281
     236
     261
     214
     234
     235
     261
     226
     238
     253
     227
     248
     254
     253
     245
     245
     252
     264
     237
     229
     277
     215
     227
     241
     247
     278
     229
     238
     237
     214
     213
     230
     266
     251
     243
     215
     244
     230
     256
     218
     229
     246
     258
     249
     241
     224
     232
     233
     252
     264
     232
     261
     209
     251
     206
     236
     257
     230
     270
     218
     252
     250
     273
     262
     221
     251
     252
     276
     233
     241
     250
     258
     244
     231
     261
     261
     256
     261
     268
     246
     268
     249
     282
     273
     295
     272
     265
     244
     274
     261
     232
     257
     247
     241
     252
     268
     275
     248
     270
     266
     260
     262
     244
     260
     263
     257
     288
     270
     253
     237
     261
     238
     238
     255
     280
     239
     235
     259
     261
     248
     265
     250
     254
     259
     246
     251
     251
     293
     244
     223
     250
     265
     283
     258
     272
     270
     247
     254
     254
     248
     264
     255
     260
     262
     258
     264
     273
     276
     271
     276
     268
     292
     268
     242
     276
     255
     263
     262
     303
     274
     238
     264
     263
     259
     254
     268
     256
     277
     224
     226
     277
     279
     267
     241
     269
     256
     304
     267
     249
     269
     268
     287
     265
     248
     284
     257
     286
     262
     244
     256
     250
     250
     275
     281
     229
     287
     270
     277
     243
     275
     272
     295
     266
     280
     263
     284
     265
     273
     239
     299
     262
     292
     283
     263
     267
     273
     284
     281
     300
     279
     237
     248
     261
     260
     299
     285
     298
     263
     276
     277
     272
     284
     276
     298
     257
     259
     285
     266
     299
     289
     252
     276
     292
     300
     290
     278
     270
     271
     275
     286
     269
     298
     253
     288
     319
     275
     280
     277
     250
     298
     263
     285
     268
     315
     291
     270
     274
     282
     271
     285
     317
     245
     267
     309
     285
     263
     289
     306
     300
     292
     305
     326
     294
     316
     279
     301
     281
     286
     269
     307
     300
     306
     341
     322
     282
     324
     303
     300
     327
     322
     325
     319
     313
     323
     304
     330
     309
     294
     321
     288
     316
     321
     312
     324
     317
     304
     337
     315
     296
     312
     330
     301
     348
     293
     341
     304
     347
     300
     306
     313
     309
     325
     307
     300
     369
     323
     326
     324
     332
     324
     319
     315
     312
     328
     316
     304
     307
     334
     304
     340
     337
     308
     339
     338
     331
     328
     332
     347
     307
     343
     318
     313
     300
     343
     310
     350
     319
     320
     354
     329
     289
     286
     319
     320
     330
     333
     305
     330
     305
     301
     289
     340
     335
     325
     348
     318
     330
     327
     334
     348
     327
     349
     334
     331
     312
     357
     300
     314
     335
     343
     299
     315
     318
     316
     320
     320
     333
     337
     338
     338
     321
     331
     338
     328
     334
     338
     334
     327
     329
     312
     339
     301
     291
     338
     324
     339
     331
     350
     325
     337
     324
     314
     320
     337
     312
     332
     336
     334
     307
     331
     342
     343
     345
     331
     329
     324
     330
     330
     322
     306
     312
     324
     334
     328
     344
     278
     330
     348
     340
     339
     329
     318
     306
     336
     327
     335
     361
     324
     342
     310
     356
     342
     321
     319
     306
     365
     352
     314
     300
     319
     297
     363
     322
     329
     328
     307
     305
     324
     319
     306
     335
     339
     331
     307
     317
     323
     320
     317
     333
     335
     307
     303
     324
     315
     354
     321
     309
     370
     322
     330
     336
     317
     344
     329
     339
     356
     344
     311
     313
     314
     329
     343
     299
     322
     323
     324
     323
     300
     349
     323
     299
     328
     336
     354
     337
     319
     316
     300
     349
     326
     350
     333
     365
     360
     302
     360
     292
     334
     322
     340
     303
     289
     322
     314
     336
     308
     316
     336
     312
     340
     329
     345
     325
     364
     314
     332
     328
     352
     352
     353
     329
     350
     318
     333
     321
     362
     305
     348
     336
     302
     348
     316
     325
     348
     327
     324
     326
     330
     301
     343
     307
     294
     304
     351
     332
     350
     305
     317
     331
     294
     314
     325
     318
     330
     337
     348
     348
     320
     337
     333
     336
     374
     327
     314
     342
     323
     300
     342
     370
     312
     361
     371
     325
     323
     350
     345
     296
     324
     330
     296
     314
     342
     358
     330
     352
     319
     339
     323
     327
     325
     345
     347
     332
     339
     366
     357
     377
     327
     361
     383
     345
     388
     358
     362
     379
     343
     381
     360
     383
     373
     365
     355
     399
     371
     377
     417
     392
     378
     387
     410
     402
     404
     400
     407
     441
     434
     427
     417
     367
     456
     402
     396
     421
     441
     413
     481
     389
     433
     426
     424
     436
     435
     419
     422
     431
     405
     422
     439
     429
     424
     446
     415
     408
     457
     428
     451
     433
     438
     425
     425
     405
     413
     446
     447
     415
     395
     451
     437
     423
     389
     423
     446
     437
     424
     450
     398
     430
     443
     422
     436
     409
     404
     440
     438
     426
     407
     405
     402
     397
     416
     385
     394
     401
     396
     443
     377
     427
     448
     390
     372
     430
     426
     406
     384
     403
     408
     386
     391
     393
     397
     383
     382
     410
     385
     371
     382
     359
     407
     368
     353
     418
     426
     402
     390
     400
     391
     402
     371
     416
     380
     420
     393
     389
     422
     360
     405
     370
     371
     390
     417
     402
     409
     355
     376
     376
     408
     432
     369
     380
     361
     388
     393
     386
     386
     393
     396
     374
     388
     369
     374
     371
     368
     384
     380
     395
     355
     401
     384
     359
     368
     378
     372
     363
     372
     390
     381
     378
     379
     384
     352
     403
     406
     371
     385
     368
     355
     395
     392
     325
     374
     357
     373
     402
     371
     338
     373
     394
     325
     349
     362
     347
     372
     349
     347
     356
     379
     377
     336
     372
     351
     368
     319
     369
     352
     349
     321
     375
     333
     364
     332
     379
     347
     343
     378
     406
     347
     377
     330
     349
     331
     355
     363
     316
     367
     386
     359
     359
     370
     375
     349
     335
     385
     370
     326
     350
     353
     361
     331
     328
     357
     331
     329
     322
     328
     328
     360
     341
     348
     344
     352
     348
     357
     386
     354
     347
     357
     391
     352
     349
     342
     335
     337
     327
     338
     326
     348
     344
     333
     343
     329
     326
     348
     301
     341
     309
     316
     330
     306
     345
     340
     352
     363
     335
     352
     343
     384
     326
     354
     354
     319
     338
     342
     319
     351
     332
     320
     330
     386
     350
     336
     317
     311
     328
     363
     353
     329
     357
     337
     320
     320
     318
     304
     301
     332
     350
     303
     343
     315
     322
     352
     316
     349
     318
     303
     350
     325
     347
     334
     314
     340
     309
     353
     343
     347
     347
     366
     358
     299
     351
     319
     359
     304
     340
     332
     317
     332
     330
     341
     369
     318
     291
     324
     303
     328
     326
     333
     328
     325
     335
     308
     307
     325
     304
     324
     355
     321
     351
     334
     334
     300
     307
     346
     294
     321
     316
     312
     355
     338
     333
     334
     326
     319
     303
     367
     315
     342
     321
     311
     328
     306
     316
     342
     320
     347
     304
     351
     288
     315
     281
     342
     320
     296
     349
     282
     306
     316
     316
     287
     343
     294
     325
     331
     326
     302
     312
     331
     307
     289
     348
     315
     307
     301
     317
     295
     321
     339
     312
     307
     289
     326
     303
     337
     343
     306
     322
     302
     329
     313
     314
     313
     321
     287
     314
     341
     323
     334
     309
     336
     295
     314
     337
     310
     314
     299
     314
     335
     296
     306
     334
     324
     309
     303
     312
     289
     339
     321
     320
     282
     320
     324
     309
     288
     284
     288
     302
     308
     306
     286
     318
     296
     309
     297
     270
     319
     290
     278
     298
     297
     319
     274
     340
     276
     291
     309
     304
     279
     328
     316
     333
     325
     322
     301
     326
     312
     294
     344
     311
     348
     304
     289
     295
     309
     291
     289
     329
     310
     307
     315
     310
     323
     301
     298
     315
     274
     320
     297
     311
     312
     314
     291
     283
     296
     299
     307
     275
     331
     338
     318
     323
     277
     296
     300
     323
     291
     315
     328
     300
     304
     282
     320
     301
     291
     343
     292
     290
     275
     296
     337
     326
     304
     281
     304
     275
     291
     328
     297
     302
     291
     291
     285
     269
     318
     298
     310
     282
     302
     290
     296
     271
     298
     339
     307
     296
     314
     274
     320
     313
     325
     276
     287
     258
     294
     300
     351
     319
     317
     292
     262
     306
     284
     316
     310
     297
     263
     283
     302
     300
     295
     306
     281
     307
     292
     320
     277
     281
     292
     285
     314
     289
     327
     282
     260
     297
     287
     263
     306
     280
     304
     292
     276
     272
     300
     302
     282
     304
     298
     284
     310
     315
     289
     306
     309
     313
     311
     312
     275
     293
     291
     273
     274
     311
     320
     285
     297
     280
     298
     286
     289
     279
     295
     277
     288
     292
     309
     297
     275
     320
     291
     302
     301
     281
     295
     281
     320
     289
     296
     304
     282
     274
     291
     296
     313
     286
     281
     301
     322
     289
     280
     280
     291
     328
     296
     256
     279
     280
     294
     315
     281
     311
     283
     273
     295
     308
     267
     318
     291
     280
     294
     267
     312
     308
     306
     264
     307
     276
     273
     263
     310
     279
     291
     288
     301
     287
     250
     297
     273
     272
     282
     310
     294
     280
     259
     312
     292
     297
     295
     291
     321
     303
     312
     271
     332
     302
     274
     280
     290
     284
     299
     281
     282
     271
     287
     300
     316
     304
     292
     304
     316
     330
     294
     298
     311
     286
     317
     281
     292
     266
     293
     282
     257
     290
     283
     309
     265
     277
     265
     305
     316
     326
     264
     280
     281
     281
     267
     297
     290
     299
     286
     270
     299
     292
     270
     284
     280
     278
     321
     257
     273
     330
     302
     302
     314
     297
     280
     268
     304
     299
     289
     288
     290
     275
     297
     289
     288
     300
     298
     311
     252
     311
     309
     292
     281
     303
     287
     272
     301
     284
     275
     273
     302
     270
     289
     293
     285
     290
     275
     263
     259
     283
     324
     284
     314
     271
     303
     282
     275
     343
     279
     270
     270
     260
     289
     278
     292
     304
     307
     310
     269
     266
     271
     303
     274
     293
     314
     279
     317
     262
     277
     277
     281
     298
     277
     264
     265
     262
     292
     290
     279
     281
     291
     265
     304
     324
     323
     282
     274
     292
     313
     310
     288
     289
     290
     268
     289
     292
     274
     286
     300
     266
     302
     300
     287
     272
     275
     258
     290
     296
     266
     308
     303
     309
     276
     294
     267
     304
     269
     273
     299
     285
     294
     270
     292
     285
     318
     299
     289
     295
     279
     321
     295
     312
     299
     281
     288
     287
     279
     288
     293
     296
     263
     293
     276
     305
     295
     271
     288
     286
     307
     306
     288
     304
     289
     280
     307
     321
     287
     313
     283
     272
     264
     279
     300
     297
     286
     285
     282
     286
     300
     286
     265
     322
     303
     288
     303
     313
     277
     304
     309
     279
     306
     315
     300
     287
     314
     285
     284
     277
     273
     276
     287
     286
     304
     272
     269
     280
     283
     304
     313
     288
     310
     297
     299
     296
     289
     293
     301
     280
     328
     301
     292
     318
     287
     292
     297
     318
     292
     303
     318
     277
     312
     297
     313
     295
     317
     293
     289
     289
     269
     295
     289
     311
     281
     288
     277
     317
     285
     280
     302
     313
     303
     286
     306
     298
     288
     285
     322
     272
     312
     304
     291
     276
     285
     267
     289
     270
     300
     300
     277
     309
     296
     265
     252
     318
     294
     315
     320
     309
     303
     290
     288
     299
     309
     304
     329
     294
     292
     330
     310
     288
     260
     284
     283
     286
     282
     304
     297
     265
     306
     298
     303
     256
     308
     300
     274
     311
     294
     305
     297
     290
     262
     302
     312
     313
     314
     279
     301
     291
     305
     291
     311
     294
     293
     292
     256
     280
     293
     307
     305
     279
     288
     297
     318
     307
     285
     286
     299
     288
     325
     259
     321
     293
     302
     299
     316
     308
     282
     302
     337
     311
     290
     289
     298
     325
     325
     329
     298
     308
     278
     276
     285
     297
     330
     305
     314
     281
     318
     284
     310
     274
     294
     321
     301
     317
     284
     281
     272
     308
     303
     333
     307
     305
     299
     337
     313
     315
     300
     299
     318
     307
     298
     312
     309
     292
     336
     331
     294
     327
     306
     315
     311
     312
     289
     326
     311
     321
     325
     309
     318
     329
     325
     323
     303
     306
     289
     298
     323
     286
     338
     292
     324
     316
     315
     296
     316
     276
     284
     288
     300
     345
     300
     294
     311
     320
     337
     314
     312
     298
     273
     298
     318
     309
     341
     342
     331
     304
     330
     328
     312
     312
     301
     314
     324
     317
     295
     278
     344
     313
     316
     283
     273
     320
     303
     299
     363
     340
     317
     318
     317
     325
     321
     337
     365
     329
     297
     327
     315
     302
     346
     325
     312
     326
     315
     294
     360
     331
     336
     341
     281
     334
     320
     310
     333
     305
     328
     318
     324
     298
     298
     311
     332
     319
     359
     349
     336
     377
     351
     315
     327
     313
     331
     318
     307
     313
     315
     314
     332
     303
     314
     320
     349
     321
     326
     331
     328
     353
     327
     306
     336
     300
     349
     393
     337
     345
     345
     316
     333
     323
     361
     346
     336
     341
     289
     342
     320
     293
     323
     332
     341
     359
     343
     353
     318
     330
     344
     306
     355
     356
     314
     338
     378
     351
     367
     336
     351
     333
     326
     344
     378
     341
     343
     353
     325
     335
     339
     343
     355
     330
     358
     353
     327
     357
     348
     385
     333
     356
     337
     338
     349
     299
     328
     303
     318
     361
     369
     346
     324
     319
     345
     354
     323
     388
     318
     358
     367
     324
     351
     339
     356
     349
     375
     371
     373
     379
     330
     352
     344
     371
     373
     363
     357
     358
     339
     362
     372
     340
     363
     332
     332
     361
     368
     345
     349
     343
     347
     325
     335
     403
     370
     353
     394
     364
     407
     358
     412
     375
     375
     370
     354
     365
     357
     359
     371
     369
     371
     359
     389
     371
     394
     355
     331
     370
     389
     326
     361
     373
     389
     414
     359
     344
     388
     356
     374
     404
     332
     378
     396
     364
     382
     394
     343
     354
     366
     399
     409
     409
     369
     412
     375
     353
     383
     360
     401
     415
     363
     369
     419
     389
     392
     370
     416
     394
     367
     382
     348
     402
     373
     390
     375
     389
     387
     380
     376
     370
     366
     363
     390
     372
     348
     408
     377
     389
     375
     381
     345
     400
     365
     343
     389
     399
     370
     360
     374
     396
     358
     386
     403
     367
     371
     355
     371
     394
     365
     361
     346
     331
     331
     350
     353
     329
     344
     346
     351
     353
     328
     326
     339
     316
     282
     296
     315
     331
     314
     314
     314
     316
     301
     299
     281
     305
     335
     270
     265
     273
     283
     294
     286
     253
     255
     270
     273
     284
     289
     288
     280
     316
     261
     273
     296
     280
     246
     251
     269
     235
     287
     282
     243
     239
     222
     252
     251
     236
     217
     240
     240
     241
     251
     246
     229
     274
     215
     213
     267
     251
     267
     242
     248
     247
     224
     238
     245
     250
     234
     232
     237
     224
     221
     243
     237
     232
     252
     215
     247
     231
     247
     249
     225
     222
     231
     258
     206
     244
     227
     231
     203
     198
     220
     226
     223
     232
     211
     203
     226
     226
     215
     225
     217
     236
     235
     218
     246
     206
     219
     212
     220
     226
     228
     229
     235
     211
     215
     211
     237
     254
     216
     221
     213
     213
     232
     220
     222
     219
     237
     215
     203
     210
     263
     243
     209
     195
     194
     207
     212
     214
     194
     215
     213
     199
     223
     218
     232
     226
     216
     218
     189
     217
     199
     206
     244
     215
     185
     204
     209
     209
     217
     202
     222
     205
     217
     216
     174
     207
     187
     219
     202
     192
     197
     186
     185
     179
     185
     179
     191
     165
     226
     182
     179
     182
     220
     188
     191
     212
     210
     186
     202
     176
     185
     198
     179
     200
     194
     190
     191
     190
     215
     209
     210
     208
     193
     223
     167
     208
     190
     202
     204
     195
     179
     194
     217
     180
     176
     183
     190
     144
     179
     198
     193
     179
     171
     154
     165
     167
     179
     183
     163
     185
     185
     175
     158
     189
     176
     156
     209
     178
     186
     187
     202
     176
     203
     164
     172
     174
     167
     191
     179
     190
     161
     166
     169
     179
     192
     173
     192
     158
     178
     175
     179
     173
     175
     166
     155
     175
     142
     166
     161
     187
     161
     149
     174
     173
     171
     153
     167
     153
     159
     140
     176
     179
     154
     167
     150
     164
     151
     161
     145
     169
     173
     154
     162
     151
     160
     159
     140
     145
     157
     144
     157
     147
     164
     160
     151
     165
     148
     155
     160
     145
     150
     153
     155
     163
     185
     141
     151
     148
     141
     148
     141
     147
     149
     147
     139
     151
     156
     141
     141
     154
     159
     132
     147
     113
     139
     128
     146
     142
     127
     135
     116
     137
     123
     129
     161
     131
     135
     135
     133
     147
     128
     160
     141
     148
     136
     150
     124
     155
     144
     120
     140
     146
     128
     142
     146
     139
     128
     135
     154
     130
     144
     140
     123
     146
     113
     133
     126
     150
     120
     129
     137
     131
     135
     132
     141
     126
     128
     123
     135
     152
     121
     157
     138
     132
     138
     130
     143
     121
     134
     133
     127
     133
     123
     119
     138
     144
     120
     121
     101
     112
     126
     134
     118
     130
     134
     125
     138
     119
     117
     126
     132
     127
     127
     129
     145
     150
     118
     151
     137
     128
     117
     122
     115
     121
     128
     130
     125
     113
     127
     113
     131
     133
     125
     126
     129
     133
     109
     137
     114
     118
     116
     123
     127
     129
     137
     120
     126
     130
     129
     138
     132
     107
     111
     118
     135
     117
     110
     135
     111
     124
     121
     106
     121
     120
     138
     127
     129
     109
     136
     138
     122
     107
     115
     132
     117
     114
     130
     113
     130
     114
     122
     108
     123
     108
     129
     109
     124
     129
     132
     127
     139
     100
     115
     108
     111
     119
     116
     110
     109
     116
     111
     125
     138
     115
     111
     101
     133
     112
     141
     117
     115
     117
     111
     122
     117
     104
     114
     128
     104
     127
     117
     112
     113
     116
     130
     148
     114
     124
     125
     110
     120
     134
     109
     115
     132
     127
     124
     133
     126
     108
     131
     121
     123
     108
     107
     116
     126
     114
     131
     109
     121
     117
     137
     135
     100
     129
     121
     120
     111
     114
     120
     119
     110
     118
     116
     102
     111
     114
     110
     124
     129
     117
     121
     106
     123
     105
      96
     125
     105
     101
     123
     104
     131
     107
     132
     105
     118
     126
      97
     102
     120
     122
     111
     115
     115
     122
     101
     120
     112
     112
     100
     110
     123
     120
     105
     114
     113
     102
     108
     121
      84
     104
      90
     124
     113
     104
     100
     106
      97
     124
     109
     113
     109
     144
     108
     112
     105
     105
     104
      99
     108
     110
      93
      98
     118
     111
      99
     118
     118
     101
     126
     100
     109
     111
     106
     109
     102
     104
     107
     109
     105
     119
     107
     103
     105
     120
     101
      96
     117
     116
     107
     100
     111
     111
     101
     109
      92
      98
     107
      96
     121
     128
     112
     101
     104
     115
     102
      98
      95
     113
      94
     114
     112
     108
      91
      96
      94
     113
     119
     108
     105
      99
     100
     107
      95
     115
      97
     120
      89
     111
     102
     109
     100
     113
     121
      95
     101
     122
      98
     106
      97
     118
     108
      99
     113
      94
     107
      80
     100
      84
     117
     116
      85
      97
      95
     104
     122
     111
     134
     100
     116
     102
     112
      99
     105
     111
     105
     119
     104
      89
      97
     108
     111
     100
     109
     117
     102
      92
     102
     102
     108
     100
     111
     101
      89
      96
      91
     116
      96
     106
      96
     101
     108
     127
      91
     102
     115
     123
      91
     111
      92
     102
     101
      91
      98
     114
     107
      81
      89
      94
     111
      87
     105
     100
      98
      94
     115
     100
      99
      98
      92
      73
     107
      85
      90
      96
      90
     114
     111
      88
      93
     106
      88
     106
      99
      98
      83
      94
     105
      98
      95
      95
      85
     104
     100
     113
      99
      84
     108
     101
      97
      93
      80
     102
      88
      76
      92
     114
      93
     105
      94
      96
      93
      96
      93
     117
      88
     113
     105
      94
      92
      89
      74
     102
     107
      93
      91
      91
     104
      97
     116
     103
     104
     110
      96
     102
      94
      89
      86
      94
      96
      82
     111
      96
      98
      78
     101
     103
      90
      96
     115
      90
      95
      98
      84
      92
      89
      96
      99
      95
     107
      97
      97
     101
     103
     106
     103
      95
      76
      91
     101
      97
      95
      98
      80
     102
     100
      98
      97
      73
     106
      92
      99
      88
      79
      90
     113
     106
      96
      98
     102
      94
     110
      89
      88
      98
     105
     120
      89
      76
      99
      94
      95
     103
      89
     105
     111
     108
     118
     102
      93
      90
      99
      87
     102
      98
     105
     107
     118
      87
      91
     111
     152
     176
     273
     507
     875
    1498
    2558
    4110
    6307
    9121
   12354
   15796
   18420
   19826
   20171
   19246
   17100
   14626
   11744
    9458
    7925
    6961
    6202
    5924
    5674
    5442
    5155
    4913
    4751
    4323
    4226
    3893
    3752
    3463
    3102
    2849
    2576
    2275
    1931
    1539
    1229
     938
     689
     504
     348
     247
     200
     134
     118
     108
     119
     104
      88
      88
      99
      93
     107
      84
      92
      83
      87
      86
      88
      85
      76
      82
      78
      87
      74
      70
      83
      73
      56
      61
      74
      84
      73
      78
      74
      73
      79
      67
      68
      70
      70
      62
      81
      83
      57
      69
      78
      67
      78
      72
      65
      64
      67
      68
      61
      60
      62
      72
      75
      49
      74
      57
      72
      72
      57
      62
      63
      70
      61
      61
      60
      68
      52
      49
      61
      83
      49
      67
      66
      66
      54
      67
      61
      69
      70
      48
      63
      60
      57
      50
      57
      65
      62
      64
      46
      58
      69
      55
      58
      64
      59
      58
      69
      56
      37
      66
      69
      50
      58
      56
      74
      53
      63
      54
      54
      62
      59
      53
      62
      44
      58
      56
      57
      61
      63
      54
      54
      57
      69
      52
      54
      53
      45
      51
      61
      55
      52
      61
      50
      46
      53
      55
      51
      57
      40
      56
      59
      47
      41
      63
      52
      56
      58
      58
      53
      56
      51
      60
      58
      55
      60
      57
      53
      65
      52
      57
      61
      54
      52
      57
      63
      64
      68
      43
      53
      68
      63
      53
      43
      58
      60
      50
      69
      46
      49
      56
      64
      49
      71
      55
      46
      48
      49
      36
      50
      61
      35
      55
      39
      64
      43
      54
      67
      67
      48
      40
      55
      47
      44
      49
      54
      49
      44
      60
      57
      59
      54
      49
      60
      52
      60
      50
      53
      64
      51
      67
      48
      45
      53
      49
      43
      60
      49
      47
      53
      54
      52
      50
      57
      45
      55
      41
      53
      37
      64
      47
      58
      41
      65
      45
      58
      49
      48
      55
      62
      42
      51
      46
      61
      47
      39
      56
      58
      60
      46
      43
      52
      47
      50
      53
      37
      59
      63
      56
      56
      44
      52
      41
      61
      43
      54
      56
      46
      53
      42
      55
      45
      43
      38
      46
      55
      42
      49
      38
      57
      46
      50
      61
      30
      43
      52
      53
      58
      51
      58
      43
      50
      49
      59
      57
      54
      41
      68
      44
      37
      42
      58
      48
      42
      58
      53
      53
      45
      52
      48
      47
      43
      47
      53
      42
      52
      55
      49
      50
      45
      54
      45
      37
      46
      50
      55
      61
      33
      47
      55
      41
      62
      48
      38
      51
      43
      44
      48
      57
      53
      55
      46
      32
      55
      40
      54
      46
      54
      50
      48
      52
      49
      43
      42
      39
      44
      49
      43
      54
      37
      51
      42
      38
      51
      49
      42
      53
      49
      43
      54
      48
      43
      50
      55
      48
      56
      56
      32
      46
      44
      45
      43
      46
      44
      53
      39
      59
      45
      40
      49
      34
      56
      41
      43
      38
      47
      39
      40
      46
      49
      45
      35
      52
      45
      37
      54
      36
      46
      38
      46
      46
      34
      43
      51
      32
      37
      38
      43
      45
      43
      53
      50
      41
      41
      37
      41
      52
      55
      40
      40
      44
      40
      40
      54
      43
      59
      40
      38
      50
      38
      47
      57
      38
      41
      59
      36
      50
      55
      43
      47
      40
      45
      51
      42
      50
      46
      52
      49
      35
      40
      64
      41
      61
      42
      38
      34
      41
      44
      57
      54
      56
      43
      43
      40
      38
      43
      50
      51
      54
      45
      43
      43
      47
      49
      56
      42
      43
      49
      44
      40
      50
      49
      51
      35
      41
      40
      47
      50
      43
      42
      32
      38
      34
      44
      38
      42
      43
      34
      45
      46
      41
      45
      45
      43
      40
      43
      44
      52
      32
      26
      44
      35
      57
      44
      36
      41
      53
      52
      43
      33
      37
      49
      29
      44
      34
      45
      48
      51
      36
      51
      40
      41
      39
      43
      42
      40
      34
      48
      37
      43
      45
      48
      35
      43
      33
      38
      52
      45
      40
      39
      33
      41
      49
      37
      41
      41
      45
      37
      41
      43
      48
      42
      42
      36
      54
      34
      34
      34
      35
      39
      40
      40
      52
      39
      34
      40
      50
      43
      43
      37
      43
      41
      35
      40
      28
      48
      52
      45
      53
      44
      42
      41
      45
      43
      37
      33
      46
      45
      35
      47
      45
      31
      47
      40
      44
      50
      35
      34
      32
      36
      41
      42
      33
      33
      38
      45
      40
      40
      44
      46
      39
      42
      46
      39
      44
      35
      46
      29
      38
      41
      36
      36
      26
      40
      33
      40
      41
      46
      28
      37
      36
      47
      42
      43
      36
      34
      38
      30
      28
      32
      33
      37
      42
      41
      38
      41
      37
      35
      45
      43
      34
      48
      34
      56
      31
      29
      36
      34
      35
      33
      40
      35
      48
      41
      48
      25
      57
      43
      46
      40
      47
      37
      48
      45
      32
      49
      33
      46
      34
      36
      43
      43
      37
      43
      50
      33
      35
      48
      35
      34
      28
      38
      34
      33
      40
      34
      39
      48
      39
      39
      38
      50
      32
      36
      34
      29
      44
      39
      32
      43
      31
      50
      35
      39
      39
      40
      38
      35
      45
      47
      35
      38
      45
      32
      38
      37
      45
      41
      38
      36
      30
      38
      42
      43
      40
      37
      35
      33
      43
      35
      27
      40
      38
      34
      34
      39
      38
      46
      36
      38
      47
      38
      45
      31
      33
      46
      44
      29
      34
      50
      53
      39
      40
      36
      36
      48
      35
      43
      45
      46
      38
      40
      43
      43
      37
      37
      45
      44
      35
      47
      32
      37
      38
      33
      48
      44
      39
      54
      29
      32
      45
      45
      37
      37
      41
      34
      31
      27
      39
      32
      44
      42
      33
      31
      42
      47
      46
      37
      37
      49
      33
      39
      33
      36
      25
      43
      36
      49
      39
      49
      40
      43
      41
      42
      46
      43
      29
      38
      34
      35
      33
      31
      52
      38
      36
      34
      40
      32
      43
      36
      40
      32
      37
      49
      35
      35
      40
      41
      31
      40
      28
      38
      36
      40
      31
      36
      45
      44
      35
      40
      32
      43
      42
      35
      46
      32
      47
      46
      27
      38
      52
      33
      34
      44
      38
      31
      30
      35
      44
      47
      39
      32
      31
      47
      39
      38
      42
      35
      42
      46
      29
      37
      29
      36
      33
      40
      34
      40
      36
      32
      32
      34
      28
      32
      37
      34
      41
      38
      38
      32
      45
      36
      41
      47
      28
      38
      32
      36
      40
      32
      32
      37
      35
      33
      41
      35
      33
      37
      44
      34
      32
      32
      39
      31
      23
      36
      32
      27
      36
      30
      32
      40
      40
      32
      33
      38
      29
      35
      31
      34
      31
      38
      47
      34
      24
      29
      42
      32
      34
      39
      29
      23
      26
      30
      34
      33
      32
      18
      35
      31
      38
      40
      33
      38
      46
      39
      37
      35
      28
      38
      34
      28
      42
      33
      36
      37
      33
      39
      30
      40
      33
      25
      44
      41
      27
      33
      36
      36
      37
      28
      35
      48
      34
      41
      50
      37
      34
      40
      43
      33
      40
      24
      37
      40
      32
      29
      45
      34
      29
      45
      34
      29
      28
      29
      28
      38
      33
      30
      36
      28
      32
      26
      29
      35
      34
      32
      27
      35
      42
      24
      37
      35
      24
      33
      32
      33
      33
      28
      31
      47
      31
      40
      31
      35
      31
      28
      31
      34
      35
      32
      29
      28
      15
      32
      32
      35
      33
      37
      33
      36
      33
      28
      33
      29
      24
      29
      29
      37
      41
      35
      25
      26
      29
      38
      32
      34
      34
      22
      27
      26
      36
      27
      27
      24
      38
      41
      30
      38
      36
      31
      35
      30
      46
      32
      29
      38
      36
      31
      32
      36
      38
      39
      34
      36
      31
      30
      31
      47
      32
      38
      31
      35
      26
      32
      34
      22
      35
      29
      32
      36
      35
      34
      38
      29
      34
      32
      33
      42
      34
      35
      27
      38
      35
      28
      21
      34
      32
      33
      30
      26
      36
      29
      42
      32
      23
      22
      25
      34
      29
      31
      34
      32
      32
      32
      39
      37
      38
      37
      36
      36
      34
      21
      31
      29
      30
      23
      32
      25
      31
      34
      22
      29
      30
      30
      38
      37
      19
      34
      27
      32
      31
      44
      32
      35
      27
      31
      35
      29
      30
      24
      39
      34
      31
      26
      37
      28
      29
      22
      31
      32
      28
      32
      31
      26
      35
      39
      31
      29
      30
      21
      27
      28
      37
      36
      26
      37
      39
      30
      42
      31
      27
      31
      29
      38
      20
      31
      33
      28
      30
      34
      26
      35
      32
      30
      33
      31
      33
      31
      23
      22
      39
      29
      28
      26
      33
      34
      38
      24
      33
      30
      23
      41
      24
      28
      29
      31
      31
      26
      22
      32
      24
      39
      30
      26
      27
      34
      18
      33
      34
      22
      38
      29
      32
      20
      26
      25
      35
      31
      27
      34
      28
      34
      34
      27
      30
      33
      33
      34
      25
      35
      27
      29
      31
      25
      44
      34
      28
      25
      34
      20
      33
      30
      34
      20
      34
      30
      24
      28
      24
      27
      30
      29
      35
      20
      22
      29
      33
      33
      28
      22
      40
      37
      23
      25
      28
      23
      21
      34
      33
      31
      26
      29
      27
      29
      29
      25
      29
      26
      26
      36
      40
      31
      36
      24
      39
      18
      36
      28
      26
      34
      21
      36
      28
      26
      33
      21
      31
      22
      28
      35
      13
      24
      25
      33
      22
      30
      24
      27
      24
      29
      24
      39
      33
      23
      38
      36
      35
      32
      34
      28
      35
      27
      25
      37
      30
      24
      30
      36
      28
      33
      26
      26
      33
      35
      21
      32
      21
      28
      34
      29
      29
      34
      23
      32
      18
      27
      30
      24
      26
      25
      27
      35
      35
      27
      29
      28
      27
      29
      24
      27
      33
      30
      29
      27
      22
      31
      25
      36
      21
      21
      25
      22
      30
      28
      33
      28
      28
      19
      29
      27
      32
      23
      26
      16
      28
      30
      25
      16
      31
      35
      19
      41
      21
      41
      32
      20
      30
      22
      31
      31
      23
      32
      26
      34
      24
      24
      18
      25
      28
      32
      34
      27
      33
      24
      20
      31
      24
      20
      29
      25
      21
      18
      27
      21
      23
      23
      34
      24
      30
      33
      27
      26
      31
      27
      21
      24
      31
      30
      28
      34
      32
      30
      24
      32
      30
      33
      35
      35
      34
      32
      29
      28
      23
      31
      22
      41
      22
      27
      32
      27
      27
      34
      32
      28
      19
      24
      26
      26
      25
      27
      22
      34
      22
      29
      13
      34
      17
      28
      26
      26
      35
      32
      29
      17
      33
      27
      26
      24
      21
      27
      30
      25
      25
      23
      16
      23
      23
      28
      27
      19
      28
      33
      30
      21
      32
      26
      26
      24
      23
      28
      26
      26
      24
      20
      29
      28
      26
      21
      25
      23
      27
      20
      19
      24
      28
      22
      27
      26
      20
      20
      20
      20
      15
      20
      21
      26
      16
      26
      23
      17
      24
      25
      23
      31
      24
      20
      25
      22
      22
      21
      35
      18
      23
      23
      23
      28
      28
      14
      22
      31
      18
      18
      14
      28
      22
      30
      21
      18
      24
      29
      21
      27
      23
      25
      16
      24
      21
      26
      24
      15
      23
      21
      15
      29
      15
      22
      25
      20
      24
      27
      20
      21
      27
      18
      31
      19
      29
      19
      26
      24
      18
      29
      21
      22
      22
      17
      29
      19
      18
      32
      22
      24
      31
      16
      19
      23
      21
      16
      22
      23
      25
      24
      23
      26
      20
      15
      19
      26
      24
      23
      18
      24
      14
      20
      24
      33
      27
      20
      22
      27
      23
      23
      19
      27
      21
      28
      22
      20
      24
      21
      25
      34
      22
      21
      22
      26
      17
      21
      33
      22
      19
      25
      23
      20
      18
      22
      23
      23
      23
      33
      20
      14
      23
      31
      19
      22
      27
      20
      29
      15
      20
      27
      16
      21
      16
      22
      19
      19
      25
      19
      21
      21
      13
      24
      25
      35
      19
      21
      18
      22
      26
      17
      23
      27
      20
      25
      19
      22
      29
      18
      23
      18
      22
      19
      29
      24
      21
      22
      13
      31
      20
      29
      23
      15
      25
      18
      26
      22
      24
      30
      34
      24
      30
      19
      21
      17
      29
      20
      24
      19
      22
      13
      29
      25
      17
      22
      27
      20
      18
      24
      18
      17
      23
      21
      18
      18
      20
      31
      20
      18
      28
      20
      20
      23
      20
      20
      20
      23
      16
      16
      15
      26
      20
      26
      23
      23
      14
      14
      19
      18
      21
      21
      16
      30
      24
      25
      21
      20
      14
      25
      25
      20
      13
      22
      27
      30
      18
      27
      23
      18
      21
      24
      19
      15
      23
      22
      20
      24
      20
      16
      22
      17
      19
      14
      26
      15
      26
      16
      21
      31
      18
      26
      23
      17
      14
      25
      21
      19
      17
      31
      20
      26
      21
      27
      15
      24
      20
      23
      26
      20
      23
      13
      17
      21
      23
      21
      19
      16
      25
      21
      19
      17
      28
      16
      18
      28
      21
      17
      19
      22
      13
      21
      23
      20
      21
      13
      15
      25
      16
      20
      26
      20
      14
      20
      31
      10
      23
      25
      15
      27
      20
      25
      23
      16
      25
      20
      23
      21
      22
      21
      12
      24
      21
      23
      19
      23
      25
      15
      23
      15
      21
      15
      19
      21
      25
      23
      18
      30
      17
      23
      13
      15
      20
      22
      16
      22
      23
      19
      23
      14
      19
      21
      34
      23
      17
      17
      17
      20
      22
      20
      24
       9
      21
      19
      14
      27
      32
      16
      14
      22
      25
      11
      16
      18
      27
      31
      23
      11
      26
      20
      16
      16
      16
      15
      26
      20
      16
      10
      21
      24
      24
      21
      21
      14
      27
      19
      19
      19
      13
      26
      18
      16
      19
      23
      21
      24
      12
      19
      22
      25
      23
      15
      16
      11
      21
      22
      27
      25
      21
      27
      17
      24
      17
      19
      21
      18
      17
      21
      14
      25
      18
      18
      17
      16
      22
      22
      15
      21
      22
      22
      21
      17
      16
      17
      14
      18
      23
      20
      15
      21
      13
      18
      23
      20
      14
      13
      14
      16
      24
      18
      21
      16
      18
      11
      15
      22
      17
      20
      21
      17
      22
      21
      25
      23
      22
      26
      16
      20
      16
      10
      15
      24
      18
      25
      19
      16
      16
      19
      20
      19
      22
      21
      11
      17
      17
      22
      19
      16
      20
      18
      13
      13
      15
      15
      20
      16
      18
      20
      22
      16
      22
      20
      19
      21
       9
      21
      24
      15
      15
      12
      15
      23
      23
      20
      21
      11
      23
      16
      17
      15
      19
      15
      19
      16
      10
      24
      12
      11
      20
      12
      23
      19
      16
      20
      18
      19
      20
      17
      17
      19
      15
      24
      18
      23
      17
      25
      11
      25
      16
      20
      15
      26
      13
      14
      18
      19
      26
      21
      11
      14
      24
      22
      20
      15
      13
      20
      18
       9
      19
      20
       8
      16
      16
      19
      21
      20
      24
      19
      12
      24
      13
      14
      22
      20
      17
      13
      12
      14
      16
      14
      19
      22
      23
      12
      28
      28
      16
      20
      22
      21
      16
      14
      17
      23
      15
      18
      12
      21
      24
      15
      20
      24
      15
      19
      19
      14
      18
      11
      24
      18
      19
      17
      16
       9
      17
      21
      19
      22
      16
      17
      18
      17
      28
      18
      12
      13
      16
      17
      14
      19
      13
      23
      18
      20
      15
      15
      13
      15
      18
      19
      15
      19
      22
      25
      21
      19
      18
      16
      23
       9
      21
      25
      26
      20
      20
      16
      14
      15
      15
      19
      14
      19
      27
      13
      19
      23
      19
      20
      14
      23
      17
      15
      17
      20
      18
      16
      13
      16
      20
      19
      16
      25
      16
      28
      19
      14
      14
      13
      12
      16
      15
       6
      15
      15
      11
       9
      20
      13
      10
      19
      22
      16
      15
      13
      19
      12
      13
      16
      12
      13
      17
      14
      11
      21
      26
      21
      16
      14
      13
      15
      19
      16
      12
      17
      20
      14
      21
      12
      17
      16
      14
      15
       8
      22
      14
      23
       7
      12
       7
      14
      16
      15
      14
      16
       8
      14
      12
      15
       9
      19
      20
      21
      15
      12
      17
      17
      14
      14
      13
      20
      12
      13
      15
      20
       9
      19
      14
      13
      19
      17
       8
      13
      17
      11
       9
       6
      19
      20
      11
      13
      12
      12
       9
      11
      11
      14
      16
      14
      12
      15
       8
      10
      13
      20
      10
      15
      18
      12
      14
      12
      11
      15
      23
      13
      10
      15
      14
      15
       6
      10
      12
      15
      19
      13
      10
      13
      18
      16
      13
      11
      10
      11
      13
       9
      12
       9
      13
      14
       7
      16
      12
       8
       9
       7
       9
       8
       6
      17
      11
       9
      14
       6
      12
      15
      13
      12
      12
      12
      11
      14
      19
      14
      11
      14
      10
      11
      14
      10
      16
      22
      10
      15
      12
      12
      11
      13
       7
      13
       8
       3
      21
      13
      12
      15
       6
       5
       8
       9
       6
      11
      19
       6
       7
      10
       6
      10
      13
      16
      11
      10
      12
       9
      15
      11
      12
      11
      12
      15
       8
      11
      11
       8
      10
       9
      10
      17
      10
       4
       2
      10
       8
      12
      13
      17
      13
      12
      11
      13
      14
      10
      10
      12
      11
      12
       9
       9
       9
       5
      13
      10
      15
       8
      14
      11
       9
       9
       9
      10
       8
      13
       9
       6
      15
      10
      10
      10
      15
      11
      10
      12
      11
      10
      24
      12
      28
      38
      54
      60
      81
     114
     138
     210
     256
     279
     316
     328
     367
     323
     317
     280
     267
     206
     210
     146
     144
     154
     130
     121
     115
     114
      74
      99
      92
      88
      87
      75
      59
      71
      58
      56
      43
      32
      35
      39
      29
      26
      18
      21
      26
      15
      10
      12
      12
      16
      14
       9
       9
       9
      10
      11
       5
      13
       7
       8
      10
      11
      13
      17
      14
       7
       9
       9
       8
      10
      11
       7
      16
      13
      10
      13
      14
       7
      10
      15
      11
       8
       8
      11
      11
      12
      13
      11
      10
      10
      14
      16
      13
      10
      12
       9
      11
      14
       9
      12
       9
      11
      15
       8
       7
      12
      12
       5
       9
       5
       7
      12
      11
      11
       9
      13
       9
      11
       7
      10
       8
       8
       6
       6
      10
      12
       6
       8
      13
       2
       9
       7
      11
       8
       9
       7
       8
       9
       7
      15
      12
      12
       7
      12
      10
      12
      10
       7
       8
      15
      11
      10
      12
       7
       9
       8
      13
      14
      10
      13
      13
      18
      12
       9
       7
       4
       8
      13
      14
      11
      11
       4
       7
       9
      11
      10
      11
      14
      14
       9
      11
      10
       9
      10
      12
      12
       6
       6
       8
      10
       8
       6
       6
      10
      10
      10
       3
       9
      10
       7
      11
       8
       8
       6
       9
       5
       5
      10
      13
      10
       7
       9
       9
      10
       8
       9
       8
      10
       9
       6
      15
       9
      10
      12
       9
      13
       9
       6
       6
      12
      12
      16
       6
       7
       7
       4
      14
       9
      11
      12
      11
      17
       9
      12
      10
      11
      11
       9
      13
      11
       9
       9
       9
      10
       7
       8
      10
       4
      13
      10
       9
       9
       8
      11
       3
      11
       5
       9
      15
       3
      11
       6
       4
       9
       6
      13
       8
      10
       5
      11
       8
       9
       5
       4
       3
      11
       7
       9
      10
       9
       7
      10
      10
       8
       6
      12
       5
      10
       8
       7
      13
      10
       6
      10
       7
      13
       7
       7
       7
      13
      15
       7
       7
       4
       8
       6
      12
       5
       6
      14
       8
       7
       7
      10
       7
       9
      10
       6
       6
       8
       8
       8
       9
       8
       8
      15
       8
      13
       6
       6
      11
       8
       9
       6
       7
       7
      11
      10
       9
       6
       5
       9
       7
       7
       7
      11
      16
       7
      15
       9
       7
       6
       9
       7
      14
       9
       9
      14
       4
      12
       8
       8
      16
       6
      11
      10
       5
      12
      11
       9
       2
       9
       9
      17
      11
       7
       5
       5
      12
       7
      12
       9
       4
       2
       3
      11
       5
       6
       8
       6
       6
      11
       5
      12
       5
       8
       3
      10
      13
       7
      11
       9
      15
       8
       5
       9
       7
      14
       4
       8
       8
       6
       6
      13
      11
       7
       9
      13
       8
       8
       9
       9
       6
       6
       3
       8
       7
       7
      10
       6
       6
      10
       1
       8
      11
      10
       7
       7
       5
      10
      14
       6
      21
      13
       7
       5
      11
       9
       4
       7
       6
       6
      12
       6
       5
       4
       9
       7
       8
      11
       4
      10
       4
       5
       8
      10
      12
       8
       4
       8
       6
      11
      10
      12
      12
       7
       5
       9
       5
      12
       6
       5
       9
       8
      17
       5
       9
      11
       5
       9
      11
       4
      13
       8
       8
       3
       4
      12
      13
      12
      10
       5
       5
      11
       7
       9
       5
       4
      12
       8
       7
      11
       5
      10
       8
      12
      11
       6
       8
       9
       6
       8
      10
       9
      10
       7
       8
       8
       3
       5
       6
      12
       9
       8
       6
       5
       5
       8
      14
       6
      12
      10
       7
       6
      11
       6
      11
      11
       7
       7
       6
       6
       8
       9
      13
       5
       8
      12
      11
      14
       8
       8
       7
       7
      12
       9
       8
       6
      12
       7
       9
       6
      14
      11
       5
       9
       3
       8
       5
       7
      10
       6
      10
      10
       9
       9
      10
      11
       8
       7
      12
       8
       9
       6
       9
       9
      10
       7
      13
      11
       6
       4
       9
       6
      11
       4
      10
       7
       8
       7
      10
       6
      11
       8
       8
      10
       9
       8
       4
       8
      10
       8
       6
       6
       5
       6
      12
       7
       7
       6
      10
       8
       9
      10
       6
      10
       5
       6
       7
      13
      10
      11
      10
      12
      17
      11
      14
       9
       8
       9
      12
      10
       7
      12
       6
       7
       9
      11
      11
       7
       6
       4
      10
      11
       5
       8
      11
      12
      12
       8
      15
       7
      10
       9
      10
       7
       6
       3
      10
       8
      12
       9
      11
      12
      11
       9
      11
      11
      11
      10
       9
      10
       7
       5
      11
      13
      12
      10
      14
       5
       7
      12
       8
      19
      12
       9
       7
       8
       5
      11
      13
      10
      10
      11
       9
       8
      15
       7
       5
      12
      11
      12
      14
      15
      11
      13
       8
      17
       9
       9
      12
       9
      11
       7
      11
       9
      12
      14
      12
       9
      11
      12
      12
      11
       9
       7
       8
      12
      10
       8
      14
      18
      11
      12
       7
      17
      18
      11
      17
      12
      11
      13
      10
      16
      16
      12
      15
      18
      14
      13
      16
      14
      14
      17
      15
      15
      18
      14
      16
      20
      20
      18
      16
      20
      26
      23
      15
      33
      25
      24
      23
      25
      17
      20
      19
      12
       9
      14
      15
      13
       8
      12
      15
       9
      10
       8
      11
       7
       4
       6
       8
      10
       7
       7
       4
       8
       4
       6
       7
       1
       6
       4
       2
       8
       5
       5
       5
      12
      24
      24
      33
      58
      79
     113
     131
     162
     224
     264
     277
     296
     326
     291
     290
     253
     214
     204
     178
     145
     129
     120
     112
      94
     114
      87
      82
      98
      71
      68
      76
      64
      52
      53
      36
      50
      48
      33
      33
      25
      18
      20
      19
       8
       6
       7
       2
       5
       8
       8
       2
       4
       5
       3
       5
       9
       5
       4
       5
       7
       5
       5
       4
       2
       8
       8
       2
       2
       3
       4
       4
       7
       4
       2
       5
       6
       1
       4
       6
       5
       4
       5
       3
       6
       6
       3
       2
       9
       4
       5
       6
       3
       2
       4
       3
       2
       3
       2
       7
       3
       3
       8
       1
       6
       5
       2
       5
       1
       5
       1
       3
       7
       2
       1
       4
       4
       2
       4
       2
       1
       5
       3
       8
       0
       1
       2
       4
       1
       6
       3
       4
       2
       2
       3
       4
       3
       4
       3
       3
       4
       5
       0
       2
       3
       3
       1
       2
       3
       3
       6
       2
       7
       2
       2
       7
       4
       2
       5
       4
       7
       4
       4
       1
       3
       6
       6
       5
       8
       0
       3
       0
       5
       4
       2
       2
       4
       2
       3
       6
       3
       2
       1
       2
       5
       2
       1
       3
       2
       5
       6
       4
       2
       1
       3
       3
       2
       3
       2
       3
       5
       1
       3
       3
       4
       3
       5
       2
       4
       3
       3
       2
       2
       2
       3
       1
       1
       4
       3
       3
       4
       3
       3
       0
       7
       3
       3
       3
       2
       4
       2
       4
       2
       5
       1
       7
       6
       3
       2
       4
       2
       7
       3
       4
       4
       2
       2
       2
       4
       3
       2
       2
       1
       7
       0
       4
       2
       1
       4
       0
       4
       2
       2
       2
       5
       2
       1
       2
       0
       1
       4
       1
       3
       2
       3
       2
       1
       5
       3
       2
       0
       3
       4
       4
       2
       1
       2
       6
       2
       2
       5
       3
       1
       2
       0
       3
       0
       2
       3
       3
       2
       1
       0
       7
       2
       4
       2
       2
       3
       5
       8
       4
       1
       4
       3
       3
       4
       1
       4
       5
       2
       3
       7
       4
       2
       8
       3
       5
       0
       2
       1
       3
       3
       3
       3
       3
       2
       3
       0
       4
       3
       1
       5
       1
       4
       4
       4
       6
       4
       3
       1
       0
       5
       2
       4
       4
       4
       0
       4
       6
       2
       3
       4
       0
       4
       2
       3
       3
       2
       5
       1
       3
       4
       5
       3
       3
       5
       4
       5
       0
       1
       6
       3
       1
       1
       1
       2
       2
       4
       2
       2
       5
       4
      11
       4
       3
       3
       4
       3
       0
       0
       1
       2
       2
       2
       2
       5
       1
       4
       1
       4
       0
       5
       0
       5
       1
       1
       4
       4
       1
       1
       2
       2
       1
       2
       1
       3
       2
       1
       1
       1
       3
       2
       2
       1
       0
       5
       4
       2
       1
       5
       4
       7
       2
       4
       0
       6
       3
       4
       1
       4
       2
       6
       1
       2
       2
       5
       5
       1
       2
       2
       4
       2
       0
       2
       4
       5
       1
       4
       3
       2
       0
       3
       2
       0
       3
       3
       2
       2
       1
       3
       2
       2
       2
       3
       1
       1
       2
       1
       1
       0
       2
       4
       3
       4
       7
       2
       4
       2
       3
       3
       3
       6
       2
       1
       1
       2
       4
       3
       4
       3
       1
       2
       2
       2
       1
       6
       0
       3
       6
       0
       2
       5
       3
       4
       2
       2
       4
       2
       7
       1
       2
       2
       3
       4
       2
       0
       3
       1
       5
       2
       4
       3
       1
       1
       4
       1
       4
       0
       1
       7
       2
       2
       4
       4
       1
       3
       2
       0
       0
       0
       2
       3
       7
       1
       1
       4
       5
       2
       4
       1
       3
       0
       1
       2
       3
       4
       2
       2
       2
       4
       1
       0
       3
       2
       2
       2
       1
       1
       1
       0
       2
       3
       3
       0
       4
       2
       6
       2
       1
       3
       2
       3
       0
       1
       2
       2
       1
       3
       4
       4
       4
       6
       2
       2
       2
       2
       0
       2
       2
       4
       1
       1
       2
       1
       5
       1
       1
       1
       2
       3
       3
       1
       3
       0
       3
       1
       4
       2
       1
       3
       2
       3
       2
       0
       4
       0
       4
       2
       0
       4
       1
       2
       2
       1
       1
       2
       1
       3
       1
       3
       3
       2
       1
       6
       1
       0
       5
       2
       0
       2
       1
       1
       3
       1
       1
       1
       2
       3
       2
       3
       4
       8
       3
       4
       3
       1
       2
       2
       3
       4
       2
       0
       1
       0
       4
       1
       4
       3
       2
       2
       2
       1
       1
       1
       3
       0
       3
       2
       2
       4
       4
       1
       2
       2
       4
       2
       1
       2
       3
       1
       2
       1
       1
       0
       2
       3
       1
       4
       0
       2
       2
       2
       2
       1
       1
       3
       1
       1
       3
       1
       2
       1
       1
       3
       3
       3
       4
       0
       2
       1
       2
       2
       0
       1
       1
       1
       0
       3
       4
       2
       1
       2
       2
       2
       4
       3
       4
       2
       1
       1
       1
       1
       2
       1
       2
       1
       1
       6
       2
       2
       1
       2
       0
       3
       2
       1
       2
       5
       4
       2
       3
       4
       3
       1
       0
       1
       1
       3
       4
       0
       2
       2
       3
       3
       4
       5
       2
       2
       1
       2
       1
       1
       2
       1
       6
       2
       1
       2
       5
       1
       3
       4
       2
       6
       5
       2
       3
       1
       0
       2
       1
       1
       1
       4
       0
       2
       0
       1
       2
       4
       2
       2
       0
       2
       1
       0
       3
       4
       1
       2
       3
       2
       3
       5
       2
       3
       4
       1
       2
       2
       1
       2
       7
       1
       4
       1
       3
       1
       1
       1
       0
       1
       1
       2
       1
       1
       1
       2
       1
       1
       1
       3
       2
       2
       3
       2
       0
       5
       2
       2
       2
       3
       1
       2
       0
       1
       2
       1
       1
       1
       0
       1
       1
       0
       2
       0
       1
       4
       2
       1
       1
       4
       0
       0
       5
       2
       2
       1
       2
       2
       2
       1
       2
       3
       1
       3
       3
       1
       3
       0
       1
       1
       2
       1
       3
       3
       9
       2
       2
       0
       1
       1
       0
       1
       1
       1
       5
       1
       1
       2
       2
       2
       2
       4
       1
       4
       3
       1
       1
       2
       2
       0
       2
       3
       4
       1
       1
       3
       2
       1
       1
       1
       3
       1
       3
       2
       0
       1
       1
       2
       3
       1
       1
       4
       1
       5
       5
       0
       1
       3
       2
       3
       1
       2
       4
       0
       4
       2
       2
       2
       3
       2
       0
       2
       2
       3
       1
       4
       1
       1
       1
       0
       1
       0
       0
       4
       0
       1
       1
       1
       1
       1
       2
       0
       2
       3
       2
       0
       4
       2
       4
       2
       1
       1
       3
       2
       2
       1
       3
       2
       4
       3
       5
       1
       1
       3
       1
       1
       2
       1
       1
       3
       2
       3
       1
       0
       2
       3
       1
       3
       3
       2
       0
       2
       6
       3
       0
       1
       2
       2
       5
       0
       3
       0
       3
       2
       2
       3
       1
       3
       3
       2
       2
       1
       2
       2
       0
       2
       2
       0
       1
       2
       2
       1
       1
       1
       2
       1
       1
       3
       1
       3
       1
       3
       1
       1
       0
       3
       1
       1
       1
       2
       0
       3
       0
       2
       1
       0
       4
       5
       2
       2
       4
       2
       0
       4
       1
       2
       0
       1
       0
       2
       0
       1
       1
       1
       2
       1
       3
       2
       4
       3
       2
       4
       1
       0
       2
       3
       0
       2
       1
       0
       1
       3
       0
       3
       3
       2
       3
       2
       2
       1
       1
       2
       1
       1
       1
       4
       1
       2
       1
       0
       2
       2
       2
       3
       0
       2
       2
       2
       2
       1
       2
       1
       2
       2
       2
       2
       2
       2
       1
       2
       1
$ROI:
0
$PRESETS:
Real Time
300
0
$ENER_FIT:
1.185777 0.187465
$MCA_CAL:
3
1.185777E+000 1.874650E-001 0.000000E+000 keV
$SHAPE_CAL:
3
0.000000E+000 0.000000E+000 0.000000E+000
