$SPEC_ID:
No sample description was entered.
$SPEC_REM:
DET# 8
DETDESC# Detector #8 - 80% HPGe (Matchmaker MCB 1)
AP# Maestro Version 7.01
$DATE_MEA:
10/22/2025 14:37:36
$MEAS_TIM:
223 300
$DATA:
0 8191
       0
       0
       0
       0
       0
       0
       0
       0
       0
       0
       0
       0
       0
       0
       0
       0
       0
       0
       0
       0
       0
       0
       0
       0
       0
       0
       0
       0
       0
       0
       0
       0
       0
       0
       0
       0
       0
       0
       0
       0
       0
       0
       0
       0
       3
      10
      23
      47
      81
      86
     178
     642
     733
     761
     725
     729
     703
     618
     689
     679
     660
     692
     675
     649
     719
     683
     657
     681
     682
     610
     681
     633
     627
     625
     616
     613
     580
     595
     609
     658
     599
     587
     590
     567
     557
     643
     637
     572
     615
     579
     569
     580
     545
     579
     560
     598
     547
     552
     523
     567
     545
     528
     545
     580
     556
     544
     588
     512
     525
     552
     532
     520
     522
     571
     494
     545
     513
     500
     492
     514
     505
     510
     539
     503
     536
     547
     505
     484
     480
     527
     465
     530
     485
     493
     483
     546
     469
     511
     526
     492
     495
     509
     533
     505
     495
     495
     486
     486
     483
     502
     491
     485
     494
     458
     512
     492
     485
     515
     519
     456
     430
     499
     517
     510
     472
     487
     504
     474
     515
     457
     521
     432
     497
     438
     470
     466
     465
     478
     488
     415
     474
     462
     450
     478
     443
     501
     469
     489
     463
     441
     455
     435
     446
     464
     409
     448
     473
     511
     466
     444
     491
     498
     437
     417
     426
     441
     450
     459
     430
     470
     416
     384
     420
     465
     499
     461
     457
     483
     463
     425
     431
     422
     434
     495
     477
     457
     457
     470
     444
     499
     433
     440
     429
     372
     425
     455
     436
     440
     443
     457
     451
     375
     468
     452
     436
     458
     424
     427
     426
     465
     454
     422
     447
     439
     437
     440
     444
     484
     434
     480
     473
     420
     460
     432
     451
     467
     441
     446
     442
     424
     425
     424
     445
     474
     433
     440
     421
     463
     400
     420
     405
     432
     455
     461
     433
     433
     414
     417
     393
     408
     431
     473
     456
     417
     441
     453
     470
     424
     451
     430
     450
     440
     457
     456
     437
     424
     455
     455
     473
     454
     486
     469
     457
     459
     453
     487
     485
     433
     457
     456
     451
     455
     444
     463
     472
     460
     474
     469
     476
     456
     477
     515
     491
     473
     464
     469
     457
     441
     470
     474
     482
     427
     437
     466
     419
     431
     430
     419
     474
     417
     459
     458
     463
     432
     418
     478
     453
     474
     432
     452
     460
     448
     463
     476
     449
     461
     435
     492
     461
     452
     470
     474
     447
     455
     446
     441
     487
     451
     508
     448
     491
     449
     449
     471
     436
     502
     453
     430
     447
     472
     503
     472
     462
     470
     465
     449
     446
     454
     468
     478
     461
     481
     473
     451
     440
     458
     439
     487
     478
     449
     452
     482
     468
     470
     464
     442
     452
     428
     488
     500
     485
     464
     471
     492
     468
     481
     488
     456
     480
     486
     459
     459
     472
     483
     469
     464
     459
     479
     453
     482
     498
     459
     418
     439
     483
     498
     462
     476
     472
     513
     427
     439
     485
     456
     469
     437
     472
     534
     484
     483
     492
     466
     478
     492
     456
     520
     500
     500
     512
     480
     463
     482
     483
     483
     492
     509
     515
     444
     458
     436
     510
     489
     475
     457
     516
     475
     524
     478
     485
     512
     503
     478
     515
     533
     515
     489
     475
     488
     463
     491
     504
     536
     501
     478
     520
     508
     537
     527
     546
     520
     502
     554
     562
     517
     556
     515
     535
     456
     492
     555
     543
     543
     509
     547
     550
     564
     486
     514
     564
     545
     533
     540
     533
     539
     577
     531
     534
     518
     550
     560
     554
     579
     563
     550
     546
     554
     531
     541
     540
     513
     543
     530
     569
     538
     561
     530
     552
     513
     533
     525
     542
     526
     548
     549
     529
     540
     578
     538
     538
     544
     529
     517
     559
     565
     576
     554
     548
     550
     555
     517
     508
     545
     534
     506
     532
     547
     505
     557
     577
     549
     561
     595
     533
     489
     541
     528
     537
     570
     520
     529
     511
     515
     586
     553
     541
     553
     613
     522
     543
     563
     520
     527
     566
     534
     544
     506
     534
     569
     559
     566
     529
     554
     543
     534
     576
     575
     551
     542
     557
     533
     528
     514
     535
     526
     493
     512
     497
     556
     545
     544
     584
     515
     553
     527
     554
     522
     521
     516
     560
     519
     572
     546
     557
     528
     538
     553
     546
     557
     547
     555
     561
     563
     518
     535
     567
     554
     493
     571
     562
     515
     560
     548
     535
     526
     544
     563
     502
     520
     520
     519
     549
     542
     535
     502
     493
     511
     558
     509
     536
     539
     537
     524
     512
     538
     520
     542
     560
     512
     541
     562
     544
     559
     541
     565
     565
     508
     560
     531
     537
     501
     533
     539
     515
     522
     550
     552
     550
     540
     560
     519
     556
     546
     530
     592
     513
     567
     552
     529
     506
     533
     541
     567
     521
     514
     581
     527
     512
     522
     517
     542
     542
     547
     565
     535
     533
     535
     537
     526
     539
     502
     525
     564
     544
     521
     515
     510
     571
     595
     539
     543
     545
     515
     547
     560
     533
     550
     532
     549
     554
     502
     575
     564
     527
     556
     596
     504
     566
     555
     538
     554
     564
     558
     538
     616
     575
     544
     535
     589
     587
     588
     541
     573
     569
     565
     588
     586
     567
     566
     572
     549
     587
     558
     565
     570
     598
     529
     563
     608
     609
     639
     652
     610
     603
     654
     624
     659
     665
     641
     615
     654
     586
     648
     642
     638
     662
     662
     631
     644
     659
     680
     654
     639
     687
     715
     758
     659
     714
     713
     704
     678
     615
     744
     775
     690
     685
     738
     707
     702
     731
     719
     689
     735
     677
     740
     702
     752
     735
     731
     694
     750
     709
     669
     691
     667
     670
     685
     687
     738
     727
     678
     730
     707
     741
     653
     699
     715
     701
     718
     653
     709
     686
     673
     718
     695
     697
     675
     706
     702
     716
     681
     706
     663
     691
     656
     703
     662
     685
     701
     684
     681
     677
     678
     687
     720
     696
     706
     676
     647
     681
     620
     643
     653
     717
     643
     658
     658
     702
     668
     672
     681
     679
     657
     664
     715
     684
     692
     684
     678
     662
     708
     688
     686
     619
     704
     696
     677
     693
     665
     686
     653
     634
     654
     668
     692
     623
     662
     667
     639
     621
     646
     658
     646
     697
     680
     674
     681
     658
     669
     666
     692
     688
     640
     636
     641
     656
     634
     671
     679
     659
     674
     604
     688
     626
     631
     661
     641
     669
     650
     664
     620
     628
     696
     721
     678
     658
     667
     664
     639
     610
     670
     640
     631
     622
     652
     644
     597
     712
     620
     654
     666
     648
     642
     664
     627
     628
     655
     661
     650
     651
     619
     610
     633
     638
     647
     637
     630
     618
     643
     684
     607
     577
     649
     646
     610
     684
     675
     615
     616
     605
     639
     668
     621
     647
     661
     670
     628
     609
     633
     672
     649
     620
     654
     687
     620
     630
     632
     652
     631
     638
     667
     613
     615
     624
     666
     603
     644
     628
     593
     636
     578
     619
     608
     640
     620
     605
     657
     626
     620
     619
     571
     584
     631
     641
     657
     633
     604
     610
     601
     632
     650
     655
     612
     603
     622
     620
     629
     655
     611
     626
     633
     652
     633
     647
     614
     621
     627
     638
     615
     599
     583
     618
     620
     625
     586
     628
     613
     545
     592
     583
     604
     598
     583
     580
     580
     630
     619
     600
     622
     597
     646
     615
     598
     588
     593
     611
     637
     584
     600
     568
     604
     577
     586
     569
     602
     574
     574
     586
     621
     561
     570
     588
     597
     608
     602
     602
     615
     569
     576
     563
     585
     560
     583
     566
     590
     625
     614
     632
     554
     615
     606
     613
     569
     580
     561
     619
     590
     528
     570
     605
     566
     562
     569
     574
     518
     566
     597
     551
     579
     627
     571
     633
     551
     601
     540
     592
     590
     604
     604
     561
     548
     560
     582
     535
     561
     567
     543
     581
     604
     561
     562
     592
     534
     563
     580
     584
     552
     584
     540
     564
     554
     535
     541
     575
     569
     599
     526
     585
     567
     570
     561
     568
     544
     542
     554
     608
     576
     598
     564
     575
     519
     541
     534
     566
     549
     565
     530
     545
     524
     535
     541
     537
     552
     515
     552
     549
     531
     555
     540
     558
     520
     583
     560
     506
     484
     555
     528
     547
     555
     544
     505
     550
     572
     569
     580
     548
     569
     510
     559
     525
     566
     542
     521
     551
     511
     518
     545
     490
     506
     536
     555
     555
     567
     549
     559
     518
     506
     554
     529
     523
     517
     560
     544
     512
     536
     538
     531
     544
     544
     551
     541
     509
     564
     525
     561
     509
     547
     519
     541
     521
     520
     512
     537
     492
     517
     514
     491
     565
     524
     526
     518
     531
     519
     511
     556
     553
     563
     531
     530
     499
     546
     527
     515
     519
     511
     558
     524
     513
     535
     526
     498
     514
     540
     510
     549
     545
     508
     515
     522
     486
     532
     522
     558
     511
     513
     478
     516
     521
     455
     523
     503
     565
     547
     541
     510
     489
     538
     537
     530
     509
     547
     509
     508
     521
     494
     513
     527
     491
     521
     522
     498
     504
     547
     526
     539
     494
     520
     552
     521
     523
     533
     541
     520
     500
     485
     503
     461
     474
     478
     472
     505
     489
     491
     543
     514
     472
     545
     468
     491
     537
     550
     529
     522
     507
     483
     527
     524
     464
     527
     506
     492
     511
     494
     523
     504
     527
     510
     499
     523
     528
     482
     515
     514
     532
     563
     517
     530
     473
     534
     489
     468
     474
     513
     542
     470
     475
     493
     496
     522
     526
     499
     515
     494
     538
     506
     499
     490
     514
     483
     505
     488
     489
     479
     525
     471
     498
     520
     483
     489
     495
     491
     499
     486
     481
     524
     500
     492
     485
     476
     501
     482
     479
     490
     519
     496
     473
     487
     471
     540
     442
     501
     517
     525
     509
     515
     483
     516
     487
     518
     488
     530
     503
     466
     478
     481
     471
     467
     480
     468
     486
     500
     540
     520
     467
     479
     495
     493
     421
     473
     466
     488
     499
     508
     469
     510
     508
     495
     492
     448
     510
     472
     553
     542
     471
     527
     498
     429
     448
     528
     521
     519
     509
     513
     460
     479
     472
     528
     482
     494
     501
     508
     523
     509
     512
     466
     491
     503
     508
     452
     486
     478
     485
     511
     547
     458
     446
     451
     470
     457
     489
     514
     512
     482
     467
     475
     484
     492
     446
     478
     489
     489
     464
     472
     496
     478
     441
     474
     473
     483
     486
     512
     450
     498
     482
     489
     451
     495
     498
     504
     464
     507
     499
     471
     520
     524
     509
     510
     470
     490
     496
     528
     515
     507
     498
     437
     469
     543
     490
     500
     476
     513
     499
     507
     539
     494
     455
     508
     469
     491
     508
     524
     477
     480
     487
     499
     481
     473
     473
     507
     495
     500
     461
     499
     500
     496
     489
     509
     478
     489
     506
     508
     496
     485
     503
     529
     494
     480
     510
     473
     512
     495
     481
     515
     503
     484
     517
     490
     474
     531
     535
     512
     500
     473
     522
     475
     490
     543
     480
     540
     475
     520
     485
     525
     489
     533
     475
     500
     506
     504
     483
     496
     489
     525
     522
     522
     489
     537
     457
     516
     522
     505
     542
     517
     531
     505
     477
     526
     530
     486
     456
     548
     522
     533
     504
     503
     503
     495
     511
     533
     465
     528
     514
     524
     501
     523
     502
     497
     529
     522
     487
     539
     521
     484
     495
     507
     519
     540
     489
     560
     476
     504
     563
     532
     503
     531
     484
     509
     509
     505
     556
     482
     481
     511
     478
     534
     499
     509
     514
     495
     522
     532
     537
     477
     495
     535
     487
     513
     523
     489
     525
     528
     537
     514
     535
     535
     490
     480
     494
     512
     552
     522
     540
     547
     501
     514
     544
     484
     552
     545
     543
     530
     517
     530
     555
     506
     572
     510
     523
     507
     500
     551
     516
     514
     544
     528
     544
     502
     533
     539
     564
     510
     510
     622
     511
     541
     551
     553
     579
     541
     546
     553
     507
     516
     560
     497
     508
     534
     558
     506
     543
     561
     554
     537
     545
     555
     551
     563
     550
     566
     532
     555
     527
     563
     573
     553
     563
     536
     567
     506
     529
     535
     532
     589
     576
     522
     544
     572
     602
     569
     562
     558
     553
     563
     584
     527
     605
     552
     570
     567
     532
     582
     571
     578
     574
     541
     555
     534
     531
     545
     576
     526
     506
     572
     509
     557
     601
     567
     541
     564
     564
     582
     615
     550
     633
     596
     578
     574
     539
     582
     581
     573
     554
     555
     580
     585
     606
     572
     580
     583
     620
     608
     594
     563
     585
     577
     595
     596
     586
     609
     551
     577
     619
     612
     608
     600
     578
     584
     578
     586
     673
     574
     599
     584
     590
     562
     570
     586
     594
     606
     601
     640
     585
     610
     651
     576
     552
     646
     626
     644
     632
     620
     631
     599
     635
     655
     614
     650
     658
     630
     679
     603
     590
     594
     623
     645
     656
     603
     639
     635
     663
     642
     617
     661
     660
     656
     625
     671
     670
     647
     661
     650
     653
     663
     653
     640
     676
     661
     642
     697
     636
     638
     649
     641
     658
     681
     665
     662
     635
     629
     685
     632
     659
     658
     637
     660
     671
     661
     647
     628
     665
     669
     683
     639
     655
     695
     648
     676
     694
     687
     660
     652
     680
     614
     679
     697
     618
     664
     654
     667
     661
     660
     664
     737
     673
     627
     692
     670
     726
     696
     665
     708
     647
     673
     666
     683
     704
     663
     678
     715
     695
     701
     698
     703
     698
     727
     704
     686
     714
     683
     757
     683
     754
     728
     706
     769
     694
     734
     682
     734
     673
     730
     703
     722
     678
     749
     707
     678
     693
     704
     727
     711
     696
     748
     738
     728
     718
     654
     719
     763
     705
     736
     648
     715
     721
     756
     704
     702
     710
     716
     711
     771
     719
     704
     663
     735
     712
     701
     701
     717
     710
     696
     642
     761
     703
     640
     641
     706
     687
     640
     658
     635
     673
     657
     642
     627
     625
     622
     669
     643
     594
     637
     634
     579
     643
     599
     585
     590
     574
     585
     553
     552
     524
     522
     536
     502
     539
     509
     542
     562
     556
     524
     505
     515
     527
     511
     491
     508
     548
     493
     488
     506
     464
     504
     476
     507
     447
     465
     455
     492
     504
     469
     496
     450
     417
     440
     446
     444
     440
     416
     447
     448
     452
     444
     439
     397
     441
     444
     425
     432
     434
     463
     449
     420
     441
     413
     433
     404
     411
     432
     389
     426
     402
     407
     413
     450
     423
     416
     408
     391
     421
     402
     382
     395
     419
     422
     410
     421
     407
     376
     409
     381
     388
     382
     391
     384
     388
     404
     369
     363
     410
     386
     391
     373
     379
     408
     399
     398
     370
     370
     350
     370
     381
     360
     393
     399
     385
     394
     393
     356
     413
     360
     381
     339
     316
     402
     382
     376
     373
     386
     368
     356
     344
     342
     342
     363
     321
     380
     371
     365
     358
     346
     329
     327
     351
     354
     352
     330
     381
     350
     351
     358
     337
     325
     328
     315
     326
     356
     362
     325
     339
     370
     330
     321
     297
     338
     324
     300
     309
     328
     296
     330
     308
     332
     316
     326
     334
     322
     343
     330
     294
     311
     284
     318
     312
     292
     308
     287
     301
     324
     289
     315
     305
     280
     301
     303
     302
     303
     287
     320
     283
     301
     294
     304
     297
     303
     282
     308
     311
     325
     298
     296
     263
     307
     288
     276
     275
     290
     280
     286
     259
     298
     284
     248
     301
     309
     266
     294
     322
     271
     256
     278
     285
     284
     275
     254
     274
     263
     292
     241
     290
     260
     297
     292
     254
     261
     267
     264
     254
     283
     267
     250
     257
     273
     253
     262
     253
     238
     246
     266
     254
     261
     246
     282
     236
     254
     241
     243
     260
     258
     236
     220
     244
     255
     233
     256
     267
     247
     247
     235
     255
     247
     231
     217
     235
     238
     235
     232
     266
     228
     226
     225
     232
     222
     241
     218
     223
     239
     207
     244
     224
     231
     223
     225
     214
     230
     207
     229
     223
     213
     230
     207
     225
     219
     220
     245
     232
     203
     223
     228
     242
     217
     189
     220
     229
     193
     226
     212
     212
     212
     206
     211
     179
     218
     191
     231
     203
     196
     212
     199
     188
     181
     220
     210
     215
     190
     208
     210
     217
     197
     218
     209
     196
     210
     224
     178
     220
     200
     218
     195
     183
     193
     235
     174
     195
     203
     205
     208
     214
     202
     196
     191
     179
     189
     205
     168
     184
     187
     213
     169
     204
     198
     192
     196
     183
     178
     212
     193
     167
     195
     186
     189
     157
     195
     195
     184
     186
     184
     196
     192
     174
     200
     196
     164
     174
     163
     156
     190
     199
     199
     195
     170
     208
     165
     206
     182
     186
     184
     199
     179
     189
     190
     180
     172
     196
     202
     187
     202
     175
     179
     194
     195
     167
     195
     183
     196
     203
     179
     194
     184
     186
     164
     178
     206
     155
     174
     198
     169
     193
     168
     176
     173
     189
     166
     183
     173
     189
     180
     171
     177
     191
     191
     221
     196
     195
     173
     187
     181
     172
     185
     170
     186
     184
     181
     159
     178
     166
     176
     143
     177
     189
     178
     162
     162
     208
     151
     171
     174
     169
     172
     182
     153
     171
     163
     184
     182
     182
     150
     185
     184
     169
     163
     164
     151
     181
     144
     168
     191
     165
     149
     165
     165
     187
     159
     174
     175
     142
     165
     158
     179
     169
     149
     161
     193
     174
     146
     154
     166
     174
     175
     153
     168
     156
     177
     166
     138
     154
     173
     173
     172
     146
     178
     163
     166
     167
     139
     137
     159
     167
     154
     156
     160
     163
     164
     139
     168
     162
     162
     168
     170
     167
     154
     165
     130
     160
     165
     173
     162
     159
     173
     169
     135
     168
     130
     176
     165
     154
     159
     180
     157
     154
     153
     155
     174
     150
     182
     154
     143
     166
     154
     155
     172
     143
     164
     143
     150
     170
     157
     139
     163
     165
     141
     174
     183
     158
     158
     172
     165
     161
     136
     154
     133
     168
     165
     158
     129
     156
     166
     154
     172
     146
     150
     156
     139
     157
     145
     146
     149
     151
     159
     147
     150
     137
     131
     144
     142
     153
     154
     160
     152
     144
     140
     149
     153
     136
     146
     148
     148
     156
     138
     157
     153
     156
     171
     167
     139
     148
     129
     144
     157
     121
     164
     142
     120
     166
     144
     141
     140
     147
     155
     156
     165
     157
     154
     188
     156
     153
     160
     147
     148
     137
     184
     167
     145
     144
     151
     174
     157
     147
     166
     164
     154
     176
     159
     170
     169
     155
     191
     169
     184
     179
     155
     159
     179
     196
     162
     201
     178
     171
     200
     185
     188
     233
     199
     178
     220
     203
     208
     188
     202
     245
     186
     195
     178
     206
     216
     209
     203
     197
     199
     236
     226
     226
     215
     242
     238
     253
     241
     227
     249
     268
     259
     285
     278
     306
     286
     309
     309
     302
     335
     310
     351
     335
     365
     359
     396
     400
     388
     397
     432
     440
     471
     493
     526
     547
     555
     587
     601
     769
     748
     735
     774
     789
     781
     890
     940
     908
     915
    1016
    1059
    1040
    1103
    1090
    1151
    1270
    1281
    1386
    1409
    1454
    1623
    1670
    1716
    1669
    1765
    1812
    1840
    1995
    2095
    2146
    2214
    2330
    2475
    2561
    2637
    2826
    3046
    3069
    3349
    3534
    3769
    3949
    4226
    4505
    4994
    5741
    6868
    8516
   10792
   14138
   17388
   21356
   23927
   25538
   25460
   24246
   22843
   21178
   19195
   17778
   16412
   15226
   13937
   12570
   11478
    9994
    9058
    7856
    6639
    5603
    4807
    4095
    3507
    2959
    2557
    2115
    1716
    1447
    1241
    1061
     885
     741
     669
     551
     481
     401
     424
     353
     303
     309
     274
     279
     270
     257
     262
     252
     236
     223
     231
     233
     237
     219
     235
     227
     184
     201
     223
     220
     181
     207
     205
     232
     235
     205
     193
     214
     199
     179
     204
     187
     188
     181
     168
     202
     162
     180
     187
     168
     176
     164
     181
     167
     188
     200
     161
     173
     143
     186
     158
     163
     167
     161
     182
     168
     174
     156
     156
     163
     156
     150
     154
     148
     124
     161
     134
     157
     176
     141
     158
     144
     184
     168
     147
     149
     156
     158
     136
     156
     140
     137
     148
     143
     148
     133
     150
     149
     147
     141
     150
     152
     137
     137
     137
     140
     149
     135
     143
     140
     146
     115
     134
     108
     105
     124
     142
     137
     146
     119
     124
     127
     141
     133
     118
     123
     135
     143
     111
     131
     128
     128
     135
     112
     139
     130
     124
     145
     138
     129
     123
     120
     143
     130
     126
     132
     120
     124
     144
     119
     108
     136
     109
     119
     137
     118
     123
     122
     128
     135
     148
     123
     123
      99
     136
     136
     127
      91
     119
     119
     133
     117
     114
     111
     121
     125
     107
     117
     110
     121
     121
     108
     123
     101
     116
     117
     130
     135
     113
     119
     122
     115
     105
     130
     110
     129
     113
     109
     128
     123
     132
     114
     105
     117
     104
     114
     111
     122
     100
     105
     129
     100
     120
     120
      94
      99
      98
      96
     112
      97
     112
      96
     104
     101
     107
     117
     104
     118
      92
      94
     119
      96
     111
     119
      96
      94
     103
      87
     105
     105
     110
     101
      94
      96
     117
     100
     105
      98
      92
      94
      96
     111
     122
      88
     127
     117
     105
     118
     119
     106
     112
     110
     100
     100
      97
     105
     103
     103
     104
      99
     108
      91
     102
     101
     100
      90
     102
     106
     101
      98
      98
      94
     104
     113
      99
     115
      92
      94
     111
     109
     102
      91
     101
      91
      81
      95
      74
     114
     104
     102
     112
      80
      99
     109
      99
     100
      98
      85
      90
      88
      94
     104
     111
      95
      84
      82
      90
      90
      87
     103
      91
     104
      92
      94
      87
      75
     130
      89
     100
      81
     114
      82
     107
      93
      89
     101
     104
      96
      88
      83
      89
      90
     110
      91
     100
      90
      90
     101
      88
      89
      96
      81
      86
      91
      86
      90
      90
      87
      94
      92
      67
     103
      78
      89
      96
      84
     102
      93
      94
      87
      85
      86
      94
      81
      88
      80
      87
      81
      94
      78
      88
      77
      89
      86
      79
      74
      82
      82
      83
      82
      79
      90
      97
      87
      82
      96
      90
      89
      72
      80
      77
      96
      96
      87
      94
      76
      81
      90
      81
      87
      98
      85
      78
      89
      87
     107
      85
      66
      91
      74
      86
      95
      82
      90
      90
     104
     106
      94
      84
     100
      75
     102
      81
      80
      90
     111
      92
     101
      76
      87
      85
      81
      95
      88
      83
      62
      67
      67
      84
      88
      88
      95
      82
      93
      96
      87
      80
      73
      75
      69
      82
      84
      97
      84
      73
     105
      80
     100
      83
      96
      89
      97
      81
      96
      97
      82
      70
      75
      79
      64
      61
      91
      84
      82
      66
      86
      69
      71
      88
      60
      91
      95
      92
      82
      78
      75
      76
      84
      77
      90
      78
      77
      83
      93
      83
      66
      86
      71
      87
      89
      77
      87
      75
      84
      79
      69
      74
      77
     100
      82
      64
      64
      79
      77
      71
      68
      75
      67
      91
      91
      92
      79
      87
      81
      66
      86
      84
      60
      85
      83
      86
      72
      69
      69
      89
      87
      76
      91
      66
      79
      77
      83
      59
      84
      72
      73
      87
      76
      84
      67
      84
      65
      82
      71
      74
      66
      58
      87
      70
      67
      95
      64
      95
      81
      77
      72
      84
      73
      90
      62
      83
      71
      63
      75
      72
      90
      79
      79
      69
      72
      71
      90
      71
      72
      80
      89
      75
      71
      88
      71
      70
      71
      76
      63
      73
      90
      83
      85
      84
      77
      73
      73
      85
      72
      65
      69
      74
      73
      94
      75
      85
      94
      53
      66
      64
      83
      64
      64
      66
      82
      77
      82
      65
      64
      68
      69
      65
      68
      83
      78
      64
      58
      68
      78
      71
      80
      60
      62
      79
      61
      71
      74
      66
      77
      68
      68
      70
      82
      80
      67
      75
     111
      68
      74
      77
      71
      81
      79
      77
      77
      75
      61
      80
      70
      76
      70
      83
      78
      75
      74
      76
      68
      71
      69
      67
      73
      70
      77
      72
      75
      69
      62
      62
      62
      60
      74
      93
      71
      65
      78
      73
      74
      70
      82
      58
      77
      55
      41
      60
      72
      77
      83
      70
      78
      80
      67
      71
      67
      63
      53
      84
      62
      77
      63
      86
      66
      82
      73
      76
      64
      83
      73
      73
      59
      68
      80
      76
      64
      71
      71
      67
      62
      73
      73
      80
      72
      58
      68
      66
      69
      72
      63
      54
      57
      64
      65
      59
      69
      53
      69
      71
      77
      62
      68
      71
      71
      74
      62
      66
      66
      73
      74
      87
      71
      70
      71
      71
      76
      65
      62
      60
      73
      65
      70
      93
      68
      59
      71
      73
      69
      72
      64
      72
      61
      70
      70
      56
      63
      70
      57
      66
      75
      66
      60
      57
      60
      74
      54
      65
      62
      53
      53
      72
      68
      85
      64
      55
      50
      54
      69
      56
      66
      50
      63
      60
      55
      61
      58
      66
      67
      67
      61
      78
      63
      73
      79
      72
      46
      70
      67
      68
      56
      63
      59
      56
      70
      73
      69
      68
      75
      76
      67
      63
      58
      71
      70
      58
      60
      61
      76
      63
      66
      68
      63
      61
      77
      60
      67
      57
      81
      52
      60
      69
      53
      73
      62
      62
      59
      56
      66
      52
      74
      70
      70
      66
      58
      59
      71
      68
      61
      74
      67
      75
      59
      72
      68
      56
      81
      60
      48
      64
      79
      52
      56
      56
      50
      62
      68
      56
      59
      48
      64
      52
      69
      61
      66
      66
      57
      63
      59
      50
      61
      44
      48
      52
      53
      50
      59
      69
      59
      62
      71
      51
      50
      51
      55
      67
      66
      71
      56
      56
      60
      61
      66
      50
      56
      59
      59
      55
      53
      76
      49
      53
      56
      50
      66
      57
      67
      73
      54
      54
      51
      57
      63
      40
      62
      56
      53
      76
      62
      61
      51
      59
      55
      50
      61
      43
      49
      54
      62
      72
      68
      64
      51
      51
      47
      47
      58
      45
      56
      69
      44
      58
      71
      70
      52
      50
      70
      60
      61
      53
      56
      45
      58
      66
      48
      56
      53
      61
      52
      62
      50
      52
      55
      77
      52
      47
      54
      57
      52
      59
      59
      57
      51
      39
      64
      48
      45
      52
      54
      55
      58
      58
      60
      51
      47
      55
      46
      54
      52
      52
      43
      51
      56
      57
      66
      54
      55
      43
      72
      47
      52
      50
      55
      55
      44
      53
      48
      72
      53
      38
      30
      42
      57
      60
      68
      57
      50
      48
      37
      52
      54
      51
      54
      60
      69
      51
      53
      66
      53
      43
      45
      47
      42
      50
      57
      47
      51
      56
      42
      63
      57
      59
      43
      46
      59
      44
      44
      45
      62
      58
      52
      47
      46
      43
      47
      55
      58
      55
      54
      55
      49
      51
      47
      47
      47
      48
      67
      41
      43
      51
      61
      42
      54
      49
      42
      48
      44
      62
      41
      50
      48
      43
      50
      45
      62
      42
      59
      40
      57
      45
      49
      46
      39
      39
      43
      47
      51
      55
      50
      49
      65
      50
      45
      58
      43
      46
      51
      43
      52
      51
      42
      36
      56
      46
      51
      59
      59
      48
      37
      54
      46
      63
      39
      54
      50
      58
      35
      49
      59
      48
      47
      35
      54
      44
      47
      46
      48
      49
      45
      39
      59
      45
      42
      39
      43
      49
      59
      44
      50
      61
      64
      49
      57
      51
      48
      46
      40
      52
      41
      43
      51
      47
      42
      42
      45
      53
      41
      51
      43
      47
      49
      39
      59
      47
      50
      56
      37
      41
      43
      52
      32
      43
      46
      50
      53
      41
      50
      54
      34
      38
      41
      37
      54
      50
      34
      39
      49
      50
      34
      37
      54
      47
      46
      40
      41
      53
      43
      53
      55
      41
      43
      47
      58
      37
      51
      41
      40
      51
      38
      42
      51
      43
      38
      46
      41
      51
      41
      41
      39
      42
      41
      37
      37
      43
      52
      32
      42
      49
      45
      44
      48
      49
      49
      39
      52
      42
      37
      52
      43
      41
      37
      41
      48
      45
      41
      56
      36
      35
      31
      51
      45
      45
      35
      42
      38
      32
      42
      52
      42
      40
      54
      38
      31
      43
      48
      43
      46
      36
      39
      34
      41
      42
      43
      49
      41
      41
      36
      37
      44
      45
      30
      51
      48
      40
      41
      34
      40
      38
      50
      47
      44
      50
      37
      42
      42
      39
      42
      43
      36
      44
      35
      40
      38
      46
      46
      41
      34
      47
      49
      35
      28
      37
      41
      26
      30
      38
      41
      46
      44
      55
      46
      44
      57
      38
      41
      42
      42
      36
      35
      50
      45
      56
      42
      33
      34
      38
      43
      46
      42
      41
      45
      36
      37
      35
      32
      47
      38
      37
      42
      38
      41
      44
      46
      43
      34
      33
      40
      40
      30
      29
      42
      46
      38
      37
      37
      42
      31
      33
      38
      45
      44
      46
      38
      38
      37
      30
      45
      37
      36
      44
      31
      37
      47
      29
      46
      47
      37
      33
      33
      38
      44
      43
      30
      39
      36
      48
      44
      48
      42
      44
      34
      35
      34
      33
      25
      43
      32
      44
      48
      45
      41
      49
      31
      36
      39
      37
      30
      35
      48
      41
      41
      30
      45
      22
      31
      41
      33
      37
      36
      45
      45
      38
      49
      49
      37
      46
      29
      41
      38
      40
      38
      39
      37
      33
      30
      39
      39
      35
      59
      34
      27
      33
      20
      31
      42
      45
      41
      35
      31
      45
      37
      34
      32
      35
      35
      25
      36
      43
      41
      43
      30
      46
      36
      33
      36
      39
      19
      37
      37
      34
      39
      41
      35
      31
      43
      42
      41
      43
      30
      46
      22
      32
      23
      52
      42
      33
      35
      34
      30
      36
      36
      34
      36
      36
      33
      42
      34
      38
      44
      25
      30
      41
      33
      28
      39
      43
      26
      25
      34
      27
      39
      31
      36
      35
      29
      39
      30
      41
      29
      38
      35
      45
      38
      34
      30
      37
      43
      23
      34
      38
      39
      26
      41
      20
      32
      28
      40
      34
      39
      31
      37
      43
      27
      28
      37
      41
      29
      32
      28
      35
      40
      33
      32
      39
      27
      38
      26
      28
      39
      39
      37
      25
      40
      28
      35
      33
      38
      32
      29
      28
      42
      32
      36
      34
      37
      29
      30
      28
      31
      30
      39
      30
      36
      36
      25
      34
      35
      38
      30
      23
      27
      35
      32
      28
      35
      27
      33
      35
      32
      36
      29
      35
      44
      32
      29
      38
      20
      36
      31
      33
      45
      35
      41
      38
      31
      41
      30
      34
      30
      28
      37
      24
      34
      39
      30
      39
      32
      41
      36
      39
      33
      30
      28
      32
      34
      29
      35
      38
      35
      38
      33
      34
      29
      34
      30
      24
      39
      37
      30
      41
      31
      40
      42
      31
      34
      32
      49
      39
      26
      29
      24
      29
      41
      37
      35
      34
      28
      27
      36
      35
      28
      32
      41
      34
      35
      38
      32
      28
      35
      30
      27
      28
      36
      35
      41
      36
      29
      38
      28
      24
      45
      43
      27
      35
      28
      23
      36
      24
      31
      34
      31
      31
      32
      29
      35
      32
      29
      29
      44
      31
      29
      33
      28
      25
      31
      24
      22
      22
      28
      26
      31
      28
      33
      45
      29
      37
      32
      35
      32
      25
      31
      33
      43
      35
      30
      36
      32
      35
      39
      36
      31
      36
      43
      32
      42
      33
      28
      34
      20
      39
      19
      44
      25
      23
      38
      35
      32
      33
      25
      36
      36
      27
      22
      27
      33
      26
      33
      23
      30
      25
      24
      35
      20
      20
      25
      28
      30
      33
      26
      36
      26
      32
      23
      27
      33
      43
      34
      35
      35
      30
      36
      22
      27
      36
      35
      34
      23
      31
      26
      41
      40
      28
      26
      22
      30
      41
      36
      31
      33
      24
      25
      27
      36
      26
      28
      24
      38
      23
      32
      33
      32
      25
      29
      35
      35
      30
      32
      26
      24
      26
      35
      32
      23
      18
      27
      28
      28
      34
      31
      39
      19
      21
      23
      33
      34
      33
      33
      27
      26
      28
      22
      31
      26
      27
      31
      25
      32
      33
      26
      24
      23
      35
      25
      31
      28
      27
      29
      33
      42
      32
      18
      25
      19
      21
      32
      32
      28
      28
      29
      34
      24
      37
      22
      27
      28
      18
      15
      29
      23
      19
      31
      35
      26
      28
      28
      30
      26
      32
      42
      32
      18
      25
      28
      36
      29
      24
      29
      28
      20
      23
      24
      26
      33
      32
      31
      32
      29
      28
      23
      31
      27
      34
      25
      33
      33
      23
      31
      39
      22
      24
      29
      31
      24
      28
      21
      32
      28
      18
      32
      29
      28
      22
      29
      29
      25
      31
      36
      35
      34
      33
      25
      23
      21
      25
      28
      28
      31
      27
      28
      23
      18
      21
      27
      29
      28
      34
      22
      22
      29
      18
      19
      28
      34
      26
      24
      28
      24
      31
      23
      29
      29
      27
      18
      25
      17
      23
      24
      32
      32
      23
      26
      21
      37
      31
      23
      30
      26
      23
      16
      16
      23
      23
      24
      17
      13
      21
      22
      27
      28
      25
      25
      19
      30
      28
      23
      26
      22
      23
      25
      21
      20
      25
      21
      12
      25
      32
      26
      20
      25
      19
      21
      28
      20
      22
      27
      25
      28
      24
      24
      23
      25
      22
      30
      25
      15
      24
      17
      23
      20
      21
      27
      22
      15
      24
      22
      20
      14
      28
      28
      20
      24
      23
      30
      16
      23
      26
      19
      25
      24
      19
      20
      25
      25
      28
      16
      21
      25
      19
      26
      25
      29
      26
      18
      14
      20
      22
      20
      23
      14
      14
      17
      20
      23
      21
      26
      14
      19
      14
      22
      19
      22
      20
      16
      17
      13
      14
      30
      26
      17
      11
      18
      23
      14
      13
      14
      18
      16
      18
      13
      13
      18
      22
      10
      10
      19
      19
      25
      16
      27
      12
      18
      23
      21
      23
      27
      18
      24
      16
      14
      24
      18
      15
      19
      17
      19
      13
      19
      22
      31
      23
      25
      19
      12
      20
      17
      17
      22
      14
      21
      18
      19
      20
      21
      17
      18
      17
      24
      23
      25
      20
      18
      12
      17
      15
       9
      14
      17
      21
      20
      13
      16
      17
      11
      21
      18
      22
      18
      16
      22
      18
      16
      15
      16
      22
      18
      15
      24
      20
      21
      18
      18
      18
      20
      15
      21
      13
      22
      11
      11
      25
      23
      20
      23
      15
      22
      19
      17
      17
      13
      17
      23
      18
      18
      13
      21
      19
      17
      13
      13
      25
      23
      15
      15
      28
      18
      15
      13
      17
      13
      16
      16
      24
      20
      14
      17
      17
      22
      13
      22
      13
      15
      13
      18
      18
      20
      16
      16
       9
      14
      14
      14
      16
      16
      10
      15
      18
      21
      20
      15
      19
      16
      12
      22
      17
      17
      20
      23
      18
      16
      15
      14
      16
      14
      16
      13
      19
      11
      23
      16
      15
      19
      19
      19
      17
      12
      15
      13
      14
      13
      17
      20
      18
      16
      19
      17
      15
      18
      15
      18
      13
      17
      17
      14
      11
      22
      22
      13
      17
      17
      20
      15
      18
      27
      14
      18
      18
      18
      15
      14
      23
      13
      19
      19
      20
      20
       5
      14
      13
      14
      15
      11
      19
      16
      15
      14
      19
      20
      15
      13
      14
      11
      22
      11
      19
      19
      23
      14
      22
      16
      12
      21
      16
      14
      12
      14
      11
      12
      13
      10
      12
      12
      10
      12
      16
       7
      11
      13
      22
       9
      19
      14
      17
      20
      16
      16
      16
      11
      20
      17
      18
      12
      16
      17
      16
      20
      17
      10
      13
      16
      17
      16
      11
      13
       6
      15
      12
      14
      11
      10
      19
      13
      15
      13
      15
      15
      12
      11
      14
      11
      20
      18
      12
      13
      18
      19
      26
      11
      11
      16
      16
      10
      15
      18
      17
      14
      14
      16
      10
      20
      17
      14
      11
      16
      12
      13
      18
      12
      18
      14
      15
      15
       9
      12
      13
      12
      17
      11
      13
      18
      16
      13
      12
      12
      17
      18
      18
      20
      18
      10
      18
      21
      16
      10
      13
      21
      20
      19
      21
      14
      10
      20
      16
      11
      18
      15
      10
      16
      19
      14
      12
      11
      20
      15
      16
      12
      13
      12
      14
      16
      16
      15
      17
      14
      15
       9
      17
      17
      10
      16
      20
      16
      11
      11
      13
      18
      21
      19
      15
      18
      15
      14
      18
      17
      17
      17
      11
      11
      21
      14
      11
      12
      10
      17
      20
      17
      13
      17
      14
      13
      18
      19
      14
      17
      16
      11
      13
      16
      19
      22
      20
      13
      12
      13
      17
      15
      14
      15
      15
      12
      22
      10
      15
      12
      11
      18
      12
      16
      14
      15
      16
      23
       8
      14
      20
      15
      14
      15
      15
      22
      13
      15
      19
       8
      14
      19
      18
       6
      12
      21
      13
      15
      12
      17
      26
      12
      20
      15
      14
      14
      16
      25
      16
       7
      16
      19
      21
      16
      13
      18
      22
      24
      14
      16
      14
      27
      21
      17
      15
      21
      16
      17
      14
      12
      16
      27
      15
      11
      13
      26
      10
      19
      14
      16
      14
      16
      17
      16
      17
       9
      21
      15
      21
      18
      20
      17
      15
      21
      21
      13
      10
      14
      16
      22
      21
      11
      18
      21
      19
      22
      16
      14
      17
      19
      18
      13
      16
      14
      13
      17
      15
      26
      17
      13
      14
      19
      23
      25
      22
      14
      16
      18
      15
      17
      20
      17
      18
      17
      17
      23
      24
      15
      16
      23
      24
      14
      11
      12
      13
      18
      29
      17
      13
      24
      17
      18
      24
      11
      31
      19
      21
      22
      18
      22
      13
      26
      21
      12
      17
      17
      20
      18
      14
      20
      24
      17
      22
      32
      22
      11
      21
      16
      20
      17
      23
      17
      14
      15
      21
      21
      17
      17
      24
      22
      24
      14
      20
      17
      26
      23
      21
      21
      21
      20
      26
      29
      23
      23
      18
      32
      21
      33
      23
      21
      19
      20
      24
      27
      26
      10
      27
      21
      29
      17
      26
      27
      18
      23
      20
      34
      25
      25
      21
      24
      18
      32
      23
      30
      24
      29
      20
      24
      30
      27
      21
      29
      28
      27
      26
      33
      25
      26
      29
      32
      36
      33
      30
      31
      23
      29
      34
      29
      34
      33
      26
      29
      43
      30
      32
      34
      23
      42
      31
      38
      42
      30
      31
      38
      41
      42
      37
      46
      31
      41
      40
      36
      33
      41
      41
      48
      36
      36
      45
      39
      33
      55
      43
      57
      62
      51
      77
      57
      48
      52
      48
      54
      48
      48
      55
      43
      37
      37
      23
      26
      23
      22
      27
      17
      17
      11
      14
       7
      11
       6
      10
       7
       5
       8
       4
       1
       5
       3
       7
       3
       5
       4
       3
       3
       4
       9
       4
       3
       4
       7
       9
       3
       7
       3
       4
       3
       2
       6
       4
       8
       3
       4
       5
       8
      10
       6
       4
       1
       5
       3
       6
       6
       3
       7
       1
       2
       5
       5
       1
       5
       7
       2
       6
       1
       5
       1
       6
       6
       2
       0
       4
       3
       3
       7
       5
       2
       2
       1
       2
       3
       0
       7
       3
       4
       6
       3
       1
       3
       4
       2
       1
       6
       4
       4
       2
       2
       3
       5
       2
       3
       7
       5
       3
       0
       9
       5
       2
       4
       3
       4
       1
       5
       4
       3
       2
       3
       2
       4
       5
       4
       7
       6
       6
       3
       3
       1
       1
       8
       5
       4
       7
       1
       4
       7
       0
       3
       4
       5
       1
       1
       6
       2
       5
       3
       2
       6
       3
       1
       2
       3
       5
       4
       3
       2
       3
       3
       3
       8
       4
       5
       1
       0
       3
       4
       6
       4
       0
       8
       8
       7
       2
       4
       3
       2
       0
       1
       4
       4
       5
       2
       2
       3
       1
       6
       2
       3
       3
       4
       2
       2
       3
       3
       3
       3
       2
       0
       7
       6
       5
       7
       1
       2
       2
       5
       5
       2
       4
       1
       0
       4
       6
       1
       4
       2
       3
       3
       7
       0
       2
       3
       2
       1
       5
       4
       0
       2
       6
       2
       4
       2
       1
       0
       1
       8
       2
       4
       2
       1
       3
       2
       1
       0
       3
       3
       1
       3
       3
       3
       1
       4
       6
       2
       4
       2
       4
       2
       6
       5
       2
       2
       3
       0
       2
       4
       2
       3
       2
       3
       0
       2
       1
       4
       3
       3
       4
       2
       1
       2
       5
       1
       2
       3
       1
       4
       2
       1
       7
       5
       1
       3
       3
       1
       6
       3
       4
       2
       5
       2
       2
       2
       1
       2
       2
       1
       1
       0
       2
       1
       3
       2
       2
       2
       0
       3
       2
       5
       1
       1
       5
       2
       2
       2
       1
       0
       4
       1
       2
       2
       2
       2
       5
       1
       4
       1
       1
       3
       3
       2
       4
       4
       3
       4
       6
       2
       4
       1
       2
       5
       5
       4
       5
       3
       0
       3
       3
       3
       1
       5
       1
       2
       2
       6
       8
       2
       2
       2
       5
       2
       3
       2
       1
       0
       2
       2
       2
       1
       6
       1
       1
       1
       3
       3
       3
       3
       2
       4
       1
       4
       1
       3
       0
       1
       2
       3
       3
       1
       3
       2
       3
       2
       3
       1
       4
       4
       4
       5
       5
       1
       4
       4
       6
       2
       2
       3
       1
       4
       0
       4
       5
       2
       1
       2
       0
       3
       1
       1
       2
       6
       1
       2
       2
       2
       2
       3
       3
       3
       3
       3
       3
       3
       6
       4
       3
       4
       0
       3
       0
       2
       2
       3
       2
       0
       1
       6
       3
       0
       7
       0
       1
       1
       3
       5
       2
       3
       2
       0
       3
       3
       1
       3
       2
       4
       3
       1
       4
       1
       1
       1
       1
       1
       2
       0
       2
       2
       2
       1
       0
       1
       4
       0
       1
       4
       3
       1
       3
       3
       1
       5
       3
       2
       1
       2
       0
       2
       2
       1
       2
       2
       1
       2
       0
       2
       1
       0
       2
       3
       1
       3
       2
       0
       3
       1
       3
       3
       4
       4
       4
       1
       0
       0
       5
       2
       0
       0
       2
       2
       0
       1
       3
       4
       1
       3
       2
       3
       5
       4
       3
       3
       1
       1
       1
       3
       2
       1
       5
       2
       1
       2
       0
       2
       2
       3
       4
       2
       2
       5
       1
       2
       3
       3
       2
       1
       3
       2
       2
       0
       3
       0
       2
       0
       1
       4
       2
       2
       1
       2
       4
       1
       0
       2
       5
       1
       1
       1
       2
       3
       0
       4
       3
       9
       3
       2
       6
       4
       1
       1
       2
       3
       3
       3
       2
       5
       2
       2
       1
       3
       2
       5
       4
       2
       4
       3
       4
       7
       2
       1
       3
       2
       5
       2
       3
       4
       2
       2
       2
       4
       3
       6
       3
       1
       0
       4
       2
       1
       1
       1
       3
       1
       2
       1
       4
       1
       3
       1
       2
       2
       1
       1
       1
       2
       4
       2
       1
       4
       1
       1
       2
       0
       2
       4
       1
       2
       3
       2
       1
       2
       2
       0
       2
       2
       1
       2
       0
       4
       2
       1
       2
       0
       2
       3
       1
       3
       3
       3
       4
       1
       3
       0
       2
       2
       3
       0
       0
       0
       0
       2
       0
       0
       1
       1
       2
       4
       0
       4
       1
       2
       3
       2
       2
       2
       0
       1
       2
       0
       1
       3
       1
       2
       0
       1
       4
       1
       2
       2
       1
       1
       4
       1
       3
       1
       3
       5
       4
       0
       2
       1
       1
       3
       1
       1
       0
       0
       4
       0
       1
       1
       0
       3
       3
       3
       3
       1
       0
       2
       1
       1
       1
       2
       2
       0
       3
       0
       1
       4
       2
       1
       2
       4
       0
       0
       2
       1
       2
       2
       3
       1
       2
       0
       1
       1
       2
       2
       0
       1
       3
       3
       1
       1
       5
       2
       2
       3
       1
       1
       0
       1
       1
       0
       4
       1
       0
       3
       1
       0
       0
       0
       2
       2
       0
       1
       2
       1
       4
       2
       2
       0
       1
       4
       2
       1
       2
       1
       2
       1
       0
       1
       0
       1
       3
       2
       0
       2
       1
       1
       1
       0
       1
       2
       4
       2
       2
       4
       3
       0
       2
       4
       1
       3
       3
       4
       3
       3
       2
       2
       4
       3
       1
       1
       0
       0
       1
       0
       4
       3
       3
       0
       3
       1
       2
       2
       0
       1
       1
       0
       3
       1
       0
       1
       1
       0
       0
       2
       3
       3
       1
       1
       2
       2
       1
       3
       2
       3
       2
       4
       1
       0
       3
       1
       1
       4
       0
       1
       3
       1
       3
       1
       1
       0
       2
       3
       5
       3
       1
       1
       0
       0
       4
       1
       0
       1
       2
       2
       3
       1
       1
       1
       2
       0
       0
       2
       1
       1
       1
       2
       1
       2
       1
       2
       2
       1
       0
       2
       1
       4
       4
       1
       1
       4
       1
       3
       1
       0
       0
       0
       2
       1
       3
       0
       0
       3
       1
       3
       0
       4
       0
       4
       2
       0
       1
       0
       0
       1
       1
       0
       0
       0
       2
       2
       1
       2
       2
       0
       1
       3
       1
       1
       2
       1
       1
       0
       0
       0
       0
       2
       1
       0
       0
       0
       0
       2
       0
       0
       1
       0
       0
       1
       2
       0
       2
       1
       2
       2
       6
       2
       0
       1
       0
       0
       1
       3
       1
       0
       1
       2
       2
       2
       2
       0
       0
       0
       2
       1
       1
       1
       2
       1
       2
       1
       0
       0
       0
       2
       2
       2
       1
       0
       2
       1
       0
       0
       0
       3
       2
       1
       0
       3
       2
       1
       3
       1
       1
       2
       1
       1
       2
       1
       1
       3
       0
       0
       0
       1
       1
       1
       2
       0
       1
       1
       1
       0
       3
       0
       1
       1
       1
       2
       1
       1
       1
       0
       3
       3
       3
       1
       1
       1
       2
       0
       1
       2
       0
       0
       0
       0
       2
       3
       1
       2
       1
       0
       1
       0
       1
       0
       4
       0
       1
       4
       1
       0
       2
       3
       2
       0
       0
       2
       0
       3
       1
       1
       2
       0
       1
       1
       0
       2
       1
       2
       1
       1
       2
       2
       2
       0
       0
       2
       1
       0
       1
       0
       3
       0
       1
       3
       2
       0
       2
       0
       0
       2
       2
       0
       3
       1
       2
       1
       1
       2
       1
       1
       1
       2
       2
       1
       0
       1
       1
       3
       2
       0
       0
       2
       1
       0
       1
       0
       3
       1
       3
       0
       1
       1
       2
       2
       0
       0
       1
       0
       1
       0
       0
       0
       4
       2
       0
       1
       0
       2
       2
       0
       1
       1
       0
       1
       0
       1
       0
       3
       2
       2
       0
       1
       0
       0
       1
       0
       1
       0
       1
       1
       0
       4
       1
       0
       2
       2
       1
       0
       1
       1
       3
       1
       0
       0
       1
       3
       1
       0
       0
       2
       2
       2
       0
       4
       2
       0
       0
       0
       1
       0
       1
       1
       2
       3
       2
       2
       0
       1
       0
       1
       0
       0
       1
       0
       1
       0
       0
       0
       3
       1
       3
       0
       2
       1
       1
       2
       0
       0
       0
       1
       0
       1
       2
       2
       1
       0
       1
       0
       1
       1
       1
       0
       2
       2
       0
       0
       2
       0
       1
       1
       0
       1
       0
       0
       1
       1
       0
       0
       0
       0
       1
       2
       0
       2
       3
       1
       1
       1
       0
       1
       0
       2
       0
       0
       2
       0
       0
       0
       0
       1
       0
       2
       0
       0
       1
       0
       6
       0
       0
       0
       1
       0
       0
       0
       3
       0
       2
       0
       1
       2
       0
       3
       1
       0
       1
       2
       2
       3
       1
       0
       0
       0
       0
       0
       0
       1
       2
       1
       1
       1
       0
       1
       1
       0
       1
       0
       0
       3
       1
       1
       2
       1
       0
       0
       1
       2
       1
       1
       0
       1
       2
       1
       0
       2
       1
       0
       2
       3
       1
       0
       1
       1
       2
       0
       0
       1
       0
       0
       1
       1
       0
       1
       1
       2
       2
       1
       0
       1
       1
       0
       1
       0
       0
       1
       1
       0
       1
       0
       0
       0
       1
       1
       1
       1
       1
       0
       4
       3
       0
       0
       1
       0
       0
       0
       0
       1
       0
       1
       1
       0
       0
       1
       1
       0
       0
       0
       1
       1
       0
       1
       1
       0
       0
       2
       2
       0
       3
       1
       0
       0
       1
       0
       1
       1
       0
       0
       0
       2
       0
       0
       2
       0
       1
       0
       1
       0
       0
       0
       2
       1
       1
       1
       0
       3
       0
       1
       1
       1
       0
       0
       1
       3
       0
       2
       3
       0
       0
       1
       0
       2
       2
       2
       2
       0
       1
       1
       1
       0
       1
       0
       0
       0
       0
       0
       1
       0
       2
       0
       0
       1
       0
       0
       2
       0
       1
       0
       0
       1
       0
       0
       1
       0
       0
       0
       1
       0
       2
       1
       0
       0
       0
       2
       0
       0
       0
       0
       1
       0
       1
       0
       0
       0
       0
       0
       0
       0
       1
       0
       0
       1
       1
       1
       1
       0
       0
       0
       0
       1
       0
       0
       1
       1
       1
       3
       0
       2
       1
       1
       0
       0
       0
       2
       0
       1
       0
       1
       1
       0
       0
       0
       0
       0
       0
       1
       0
       0
       1
       0
       0
       1
       0
       1
       1
       0
       1
       2
       0
       0
       1
       0
       0
       0
       0
       0
       0
       0
       1
       1
       0
       0
       1
       0
       2
       0
       0
       1
       0
       0
       0
       1
       1
       1
       0
       0
       0
       0
       1
       0
       1
       0
       0
       1
       0
       1
       0
       0
       0
       0
       0
       0
       2
       0
       0
       0
       0
       1
       0
       0
       2
       1
       0
       1
       0
       2
       0
       0
       1
       0
       0
       1
       0
       1
       1
       0
       1
       0
       0
       0
       0
       2
       0
       0
       0
       0
       0
       0
       0
       0
       0
       2
       1
       0
       1
       0
       1
       2
       0
       1
       0
       0
       2
       0
       2
       0
       1
       1
       1
       4
       1
       1
       0
       0
       1
       1
       1
       0
       0
       0
       0
       0
       0
       0
       3
       0
       0
       0
       0
       0
       1
       0
       0
       2
       1
       0
       1
       1
       0
       3
       0
       2
       0
       0
       1
       0
       1
       0
       0
       0
       0
       0
       0
       0
       1
       0
       1
       0
       0
       0
       2
       1
       0
       4
       1
       0
       0
       1
       1
       2
       1
       0
       1
       1
       0
       0
       1
       0
       0
       1
       1
       0
       0
       2
       2
       4
       0
       0
       0
       0
       1
       1
       0
       0
       0
       1
       1
       0
       0
       1
       0
       1
       0
       0
       0
       0
       2
       2
       0
       1
       0
       0
       1
       3
       0
       1
       0
       0
       0
       0
       2
       0
       1
       0
       1
       2
       3
       0
       0
       1
       0
       2
       1
       0
       1
       0
       2
       1
       1
       2
       0
       1
       0
       1
       1
       0
       0
       0
       2
       0
       1
       1
       0
       0
       0
       0
       3
       1
       0
       1
       0
       0
       3
       1
       0
       0
       1
       1
       1
       0
       1
       0
       1
       2
       1
       1
       0
       0
       1
       1
       0
       1
       1
       0
       2
       2
       1
       0
       0
       0
       0
       1
       0
       3
       0
       1
       0
       0
       0
       0
       0
       0
       1
       0
       1
       0
       0
       0
       2
       0
       1
       0
       1
       1
       1
       0
       1
       1
       0
       0
       0
       1
       0
       0
       0
       0
       0
       2
       0
       0
       0
       1
       1
       0
       1
       0
       1
       1
       0
       0
       0
       0
       0
       0
       0
       1
       3
       0
       1
       0
       0
       0
       1
       0
       1
       0
       2
       1
       1
       0
       0
       0
       1
       0
       2
       0
       0
       0
       1
       1
       0
       0
       0
       0
       0
       0
       1
       1
       0
       0
       1
       0
       1
       0
       1
       2
       1
       1
       1
       0
       0
       0
       1
       0
       0
       2
       0
       2
       0
       0
       1
       1
       1
       1
       2
       0
       1
       0
       0
       0
       0
       1
       1
       2
       0
       0
       0
       1
       1
       0
       1
       0
       1
       1
       0
       0
       2
       0
       0
       0
       1
       0
       0
       0
       0
       1
       0
       0
       2
       0
       1
       0
       0
       0
       0
       1
       0
       0
       0
       1
       1
       0
       0
       1
       0
       1
       2
       2
       0
       0
       0
       0
       0
       0
       0
       0
       0
       0
       1
       0
       1
       0
       0
       0
       0
       2
       1
       0
       0
       1
       1
       0
       0
       0
       1
       0
       1
       0
       2
       0
       0
       0
       0
       0
       0
       0
       0
       0
       0
       0
       1
       0
       0
       0
       1
       0
       0
       0
       1
       1
       1
       0
       1
       2
       1
       0
       0
       1
       0
       1
       2
       0
       0
       1
       0
       1
       2
       1
       0
       0
       0
       0
       0
       1
       1
       0
       0
       0
       0
       0
       0
       0
       1
       0
       0
       0
       0
       0
       3
       0
       0
       0
       0
       0
       0
       0
       0
       0
       1
       0
       0
       0
       1
       0
       0
       0
       0
       0
       1
       0
       0
       1
       0
       0
       3
       0
       0
       0
       1
       0
       1
       0
       0
       0
       1
       0
       0
       0
       0
       0
       0
       1
       1
       0
       0
       0
       0
       0
       0
       0
       0
       1
       0
       0
       0
       0
       0
       0
       0
       1
       0
       0
       0
       2
       0
       0
       1
       0
       0
       0
       0
       2
       0
       0
       0
       1
       0
       0
       0
       0
       0
       0
       0
       1
       0
       1
       0
       2
       1
       1
       0
       1
       1
       0
       0
       0
       0
       0
       0
       0
       1
       1
       1
       1
       0
$ROI:
0
$PRESETS:
Real Time
300
0
$ENER_FIT:
1.185777 0.187465
$MCA_CAL:
3
1.185777E+000 1.874650E-001 0.000000E+000 keV
$SHAPE_CAL:
3
0.000000E+000 0.000000E+000 0.000000E+000
