$SPEC_ID:
No sample description was entered.
$SPEC_REM:
DET# 8
DETDESC# Detector #8 - 80% HPGe (Matchmaker MCB 1)
AP# Maestro Version 7.01
$DATE_MEA:
10/22/2025 14:24:21
$MEAS_TIM:
239 300
$DATA:
0 8191
       0
       0
       0
       0
       0
       0
       0
       0
       0
       0
       0
       0
       0
       0
       0
       0
       0
       0
       0
       0
       0
       0
       0
       0
       0
       0
       0
       0
       0
       0
       0
       0
       0
       0
       0
       0
       0
       0
       0
       0
       0
       0
       0
       0
       0
       0
       0
       0
       0
       0
       1
     224
     490
     499
     444
     497
     476
     470
     441
     445
     440
     443
     447
     417
     400
     436
     415
     400
     394
     415
     384
     379
     397
     426
     387
     407
     384
     379
     377
     390
     379
     372
     372
     386
     398
     349
     377
     379
     383
     337
     354
     349
     368
     383
     343
     336
     373
     351
     363
     326
     342
     348
     352
     337
     368
     349
     321
     355
     314
     332
     338
     359
     307
     311
     330
     328
     359
     337
     330
     338
     265
     315
     306
     309
     300
     285
     304
     320
     293
     299
     322
     286
     303
     312
     320
     302
     311
     325
     344
     308
     327
     264
     263
     310
     316
     316
     309
     308
     283
     304
     294
     316
     349
     295
     313
     298
     302
     268
     334
     278
     332
     269
     317
     318
     287
     311
     292
     274
     287
     285
     302
     297
     282
     290
     301
     295
     297
     280
     289
     297
     284
     287
     308
     299
     307
     288
     299
     279
     284
     275
     263
     270
     287
     262
     292
     280
     282
     250
     279
     272
     279
     314
     279
     289
     311
     289
     301
     307
     288
     276
     268
     272
     291
     260
     263
     285
     279
     278
     289
     298
     294
     245
     295
     273
     270
     277
     283
     292
     279
     292
     287
     276
     271
     267
     258
     259
     294
     316
     256
     265
     254
     255
     283
     263
     285
     286
     257
     279
     254
     298
     251
     263
     226
     264
     261
     259
     279
     267
     263
     274
     282
     274
     257
     272
     273
     261
     248
     261
     270
     277
     305
     305
     281
     275
     269
     253
     243
     251
     270
     238
     262
     290
     273
     248
     264
     261
     268
     279
     285
     260
     279
     254
     261
     277
     260
     274
     264
     277
     273
     282
     266
     261
     266
     261
     257
     257
     273
     245
     265
     255
     238
     274
     275
     243
     280
     271
     297
     266
     267
     264
     247
     256
     273
     271
     250
     260
     238
     272
     264
     259
     271
     288
     263
     251
     275
     269
     289
     279
     252
     274
     265
     247
     297
     276
     276
     260
     275
     246
     272
     277
     247
     263
     253
     239
     266
     282
     284
     251
     258
     252
     269
     261
     266
     251
     262
     285
     246
     295
     273
     254
     255
     274
     247
     274
     248
     288
     265
     272
     281
     283
     296
     253
     281
     270
     283
     275
     280
     278
     286
     262
     293
     281
     285
     298
     302
     293
     262
     289
     296
     284
     302
     283
     277
     286
     270
     282
     272
     323
     263
     285
     272
     254
     270
     290
     268
     253
     289
     249
     259
     283
     268
     269
     249
     280
     243
     261
     297
     252
     252
     262
     293
     287
     268
     233
     279
     252
     257
     256
     263
     270
     267
     274
     255
     304
     278
     290
     263
     295
     286
     300
     252
     257
     269
     271
     295
     280
     272
     287
     229
     272
     249
     297
     276
     257
     263
     278
     264
     266
     239
     293
     275
     280
     284
     264
     313
     259
     277
     294
     255
     315
     297
     267
     275
     257
     285
     293
     275
     261
     280
     288
     294
     279
     266
     266
     290
     285
     247
     283
     297
     285
     267
     281
     281
     264
     267
     303
     268
     282
     293
     278
     279
     268
     285
     261
     273
     287
     281
     275
     276
     288
     284
     296
     291
     243
     280
     289
     291
     272
     285
     280
     257
     292
     272
     263
     298
     246
     281
     285
     305
     309
     295
     280
     290
     304
     316
     270
     299
     281
     306
     282
     289
     293
     315
     244
     299
     262
     262
     278
     283
     255
     274
     311
     283
     302
     282
     297
     297
     270
     313
     302
     269
     295
     297
     297
     292
     313
     298
     295
     293
     272
     296
     293
     265
     300
     293
     306
     300
     307
     309
     300
     311
     299
     333
     318
     306
     311
     296
     353
     320
     304
     298
     325
     320
     294
     335
     334
     317
     321
     315
     291
     305
     322
     320
     282
     303
     318
     299
     307
     293
     315
     331
     278
     314
     319
     330
     328
     349
     339
     300
     326
     318
     308
     348
     338
     341
     332
     293
     317
     298
     323
     339
     322
     346
     316
     310
     335
     314
     342
     335
     298
     345
     292
     332
     346
     360
     326
     362
     348
     348
     315
     304
     337
     315
     321
     322
     305
     319
     327
     311
     307
     368
     310
     356
     305
     317
     354
     352
     316
     343
     371
     325
     358
     360
     322
     304
     335
     336
     335
     300
     346
     335
     309
     342
     302
     350
     358
     327
     313
     345
     331
     342
     328
     324
     339
     326
     358
     330
     342
     324
     344
     317
     332
     344
     353
     318
     343
     362
     335
     323
     333
     333
     363
     322
     336
     334
     343
     318
     340
     307
     327
     336
     332
     377
     289
     318
     343
     318
     350
     297
     322
     316
     353
     352
     307
     337
     339
     360
     299
     323
     366
     338
     316
     334
     361
     344
     299
     305
     305
     353
     363
     378
     334
     349
     325
     333
     295
     314
     302
     329
     346
     327
     344
     329
     344
     352
     327
     340
     328
     314
     324
     363
     318
     325
     356
     340
     308
     332
     322
     343
     316
     322
     333
     327
     337
     334
     333
     315
     326
     306
     326
     336
     336
     318
     284
     321
     340
     306
     321
     333
     357
     311
     364
     320
     326
     375
     319
     283
     333
     341
     374
     302
     325
     298
     342
     316
     323
     328
     310
     349
     347
     312
     330
     313
     308
     338
     346
     356
     342
     320
     329
     329
     322
     350
     338
     297
     338
     308
     301
     340
     346
     341
     306
     331
     346
     313
     316
     340
     333
     332
     327
     304
     350
     345
     305
     345
     344
     338
     337
     306
     314
     355
     341
     310
     301
     336
     326
     322
     315
     349
     337
     333
     305
     337
     366
     348
     318
     307
     314
     324
     357
     370
     311
     339
     326
     327
     334
     331
     344
     304
     329
     320
     326
     350
     333
     316
     332
     304
     360
     306
     337
     320
     324
     376
     331
     320
     334
     355
     328
     377
     322
     319
     329
     329
     341
     348
     318
     340
     347
     324
     331
     346
     352
     338
     325
     327
     319
     366
     306
     311
     327
     341
     351
     305
     334
     311
     320
     325
     364
     335
     380
     341
     352
     329
     337
     380
     327
     312
     348
     354
     370
     384
     368
     388
     376
     359
     361
     353
     351
     378
     383
     370
     357
     367
     385
     382
     376
     395
     368
     453
     386
     402
     425
     392
     434
     401
     387
     443
     392
     437
     396
     431
     455
     439
     438
     457
     436
     408
     480
     437
     423
     417
     434
     491
     441
     428
     423
     439
     440
     412
     419
     461
     465
     484
     446
     413
     408
     436
     435
     438
     468
     435
     467
     432
     455
     458
     416
     472
     432
     403
     438
     445
     475
     423
     484
     409
     429
     428
     426
     443
     431
     403
     435
     400
     411
     463
     429
     442
     440
     415
     409
     431
     413
     490
     449
     449
     420
     411
     406
     432
     431
     428
     422
     417
     409
     453
     391
     436
     385
     397
     395
     389
     377
     393
     430
     436
     374
     419
     434
     381
     413
     452
     377
     423
     426
     418
     357
     405
     419
     365
     377
     390
     468
     420
     438
     392
     411
     428
     401
     406
     377
     454
     437
     422
     419
     432
     392
     423
     391
     389
     402
     391
     390
     383
     408
     399
     402
     386
     416
     430
     381
     379
     415
     388
     404
     416
     397
     401
     419
     361
     365
     399
     410
     369
     412
     398
     407
     378
     373
     407
     397
     403
     396
     411
     414
     415
     399
     415
     362
     401
     393
     425
     398
     397
     406
     420
     415
     410
     365
     367
     421
     395
     422
     404
     419
     403
     357
     405
     396
     389
     363
     389
     390
     394
     431
     404
     392
     424
     442
     401
     400
     388
     351
     378
     378
     378
     385
     400
     415
     397
     411
     392
     370
     406
     391
     371
     384
     363
     367
     367
     390
     391
     384
     368
     411
     374
     384
     362
     396
     389
     404
     379
     391
     406
     358
     402
     398
     377
     403
     365
     355
     390
     382
     365
     379
     388
     389
     411
     386
     386
     353
     360
     380
     393
     379
     436
     383
     352
     383
     349
     393
     365
     372
     367
     385
     387
     394
     353
     397
     359
     360
     379
     358
     356
     399
     371
     397
     376
     332
     363
     373
     373
     385
     336
     401
     393
     335
     393
     373
     385
     375
     387
     396
     374
     386
     363
     405
     363
     396
     366
     381
     369
     381
     382
     358
     389
     382
     373
     392
     333
     356
     375
     385
     327
     362
     386
     391
     349
     370
     395
     368
     384
     377
     387
     379
     332
     372
     359
     358
     338
     382
     389
     347
     347
     371
     375
     389
     376
     355
     365
     371
     364
     385
     377
     391
     367
     380
     398
     358
     357
     344
     333
     361
     317
     360
     367
     351
     373
     389
     344
     378
     343
     345
     354
     362
     371
     371
     320
     337
     363
     328
     322
     380
     352
     346
     383
     359
     354
     341
     381
     335
     403
     377
     382
     350
     360
     356
     358
     373
     362
     368
     365
     360
     354
     356
     359
     378
     376
     373
     327
     394
     350
     360
     368
     358
     371
     359
     354
     364
     374
     359
     352
     407
     399
     345
     337
     369
     346
     356
     375
     338
     325
     367
     354
     328
     369
     332
     337
     373
     340
     336
     358
     390
     331
     335
     331
     356
     356
     328
     352
     361
     337
     328
     339
     341
     357
     371
     321
     344
     312
     353
     325
     336
     328
     339
     350
     350
     356
     349
     348
     332
     353
     385
     336
     377
     357
     299
     324
     339
     335
     353
     356
     332
     332
     338
     343
     349
     360
     321
     317
     351
     335
     344
     305
     343
     339
     319
     343
     333
     340
     323
     363
     332
     335
     314
     293
     350
     342
     338
     362
     323
     335
     331
     343
     327
     362
     319
     335
     323
     319
     336
     329
     306
     318
     374
     333
     330
     321
     320
     308
     306
     327
     313
     324
     320
     284
     316
     355
     326
     297
     332
     339
     311
     336
     323
     358
     322
     326
     312
     328
     346
     336
     315
     336
     329
     320
     335
     344
     307
     308
     305
     318
     339
     326
     289
     299
     292
     324
     333
     314
     322
     303
     322
     328
     321
     330
     328
     330
     346
     319
     347
     289
     335
     328
     323
     317
     323
     304
     351
     289
     354
     306
     321
     326
     292
     301
     317
     315
     318
     325
     316
     323
     312
     317
     351
     328
     296
     309
     294
     331
     326
     329
     335
     295
     298
     306
     325
     318
     310
     309
     310
     295
     329
     321
     308
     342
     310
     312
     333
     318
     324
     353
     310
     328
     317
     314
     339
     316
     302
     326
     310
     282
     330
     313
     309
     311
     318
     325
     315
     343
     307
     299
     293
     319
     313
     311
     331
     329
     340
     334
     319
     339
     308
     297
     306
     306
     322
     330
     298
     334
     305
     310
     295
     289
     302
     308
     332
     297
     335
     312
     302
     323
     309
     303
     314
     311
     315
     312
     303
     311
     309
     331
     302
     298
     314
     305
     311
     303
     264
     327
     287
     351
     285
     287
     274
     306
     315
     302
     326
     320
     314
     318
     305
     289
     312
     284
     312
     349
     297
     292
     291
     280
     317
     317
     324
     293
     287
     305
     332
     296
     307
     286
     296
     306
     291
     290
     268
     288
     334
     327
     318
     299
     316
     295
     302
     311
     313
     337
     323
     333
     311
     314
     273
     325
     294
     291
     297
     290
     300
     296
     291
     294
     280
     265
     323
     289
     319
     309
     289
     291
     279
     296
     315
     292
     318
     295
     288
     313
     317
     308
     275
     299
     303
     295
     278
     306
     294
     298
     297
     295
     309
     287
     323
     287
     295
     281
     322
     328
     335
     294
     304
     267
     309
     284
     309
     286
     308
     319
     288
     324
     284
     276
     301
     294
     303
     291
     271
     303
     294
     315
     311
     311
     301
     296
     344
     300
     313
     331
     296
     292
     315
     253
     302
     324
     278
     296
     292
     316
     304
     313
     319
     305
     286
     307
     293
     321
     310
     295
     286
     270
     296
     284
     293
     327
     287
     279
     264
     312
     295
     323
     316
     319
     286
     332
     304
     280
     307
     275
     316
     285
     312
     295
     310
     298
     319
     325
     315
     280
     296
     303
     325
     300
     281
     306
     287
     299
     306
     294
     284
     299
     316
     285
     304
     273
     300
     301
     283
     300
     262
     299
     307
     303
     298
     285
     288
     310
     317
     253
     272
     293
     291
     301
     285
     304
     284
     292
     278
     297
     311
     300
     316
     287
     316
     314
     306
     285
     293
     268
     321
     284
     305
     330
     318
     303
     294
     314
     308
     261
     301
     306
     341
     308
     324
     280
     336
     287
     307
     314
     328
     306
     295
     336
     303
     285
     282
     305
     282
     257
     288
     291
     326
     300
     313
     286
     302
     328
     300
     316
     315
     294
     300
     298
     340
     349
     290
     276
     321
     342
     316
     324
     272
     313
     309
     307
     329
     273
     334
     302
     313
     302
     307
     312
     308
     302
     286
     286
     321
     297
     295
     302
     335
     307
     302
     308
     306
     313
     304
     296
     293
     281
     338
     322
     338
     310
     294
     294
     303
     300
     308
     304
     319
     299
     297
     316
     325
     296
     303
     279
     316
     296
     298
     312
     314
     321
     317
     336
     343
     312
     316
     285
     313
     311
     285
     322
     317
     289
     311
     314
     321
     300
     288
     311
     314
     337
     347
     283
     304
     303
     280
     272
     306
     315
     276
     334
     293
     298
     309
     316
     335
     286
     306
     304
     301
     299
     346
     303
     304
     303
     314
     291
     308
     260
     293
     303
     297
     314
     304
     282
     301
     319
     291
     310
     312
     330
     300
     357
     322
     295
     267
     346
     311
     302
     315
     313
     304
     290
     283
     296
     302
     321
     316
     351
     295
     357
     318
     324
     316
     334
     316
     327
     305
     310
     327
     333
     309
     302
     313
     328
     285
     323
     308
     291
     322
     322
     309
     310
     309
     315
     324
     308
     317
     342
     289
     325
     302
     329
     317
     296
     324
     302
     321
     318
     313
     360
     321
     309
     299
     315
     317
     306
     332
     320
     327
     326
     306
     315
     333
     320
     319
     295
     318
     305
     315
     312
     324
     340
     327
     335
     313
     348
     335
     349
     327
     340
     345
     342
     297
     326
     321
     337
     343
     330
     352
     325
     344
     364
     337
     298
     313
     342
     367
     335
     298
     324
     311
     345
     327
     326
     351
     296
     349
     364
     337
     343
     329
     342
     326
     328
     354
     319
     333
     296
     327
     350
     301
     336
     361
     336
     330
     325
     326
     334
     324
     306
     375
     341
     338
     350
     329
     383
     348
     362
     311
     353
     345
     321
     350
     330
     371
     336
     344
     362
     370
     366
     345
     308
     366
     373
     335
     363
     352
     335
     376
     364
     345
     360
     343
     357
     359
     363
     333
     344
     389
     369
     362
     386
     312
     359
     318
     319
     360
     344
     355
     390
     374
     339
     371
     363
     337
     329
     323
     373
     354
     333
     356
     348
     355
     327
     364
     353
     307
     377
     375
     384
     380
     343
     378
     381
     339
     370
     365
     374
     349
     360
     386
     328
     360
     351
     351
     329
     384
     371
     365
     367
     382
     401
     353
     360
     357
     408
     395
     370
     347
     366
     338
     389
     392
     352
     392
     385
     381
     341
     382
     339
     366
     385
     346
     397
     370
     347
     337
     395
     424
     375
     390
     387
     400
     364
     416
     354
     385
     374
     333
     386
     380
     359
     378
     388
     371
     388
     394
     369
     388
     394
     373
     404
     438
     389
     420
     360
     416
     381
     412
     379
     445
     418
     376
     361
     407
     419
     374
     380
     415
     399
     376
     386
     386
     367
     391
     426
     402
     428
     358
     355
     430
     442
     374
     400
     386
     414
     417
     397
     415
     406
     445
     404
     417
     406
     402
     389
     435
     411
     422
     428
     408
     446
     404
     435
     441
     405
     410
     392
     422
     408
     394
     402
     402
     416
     453
     372
     442
     399
     397
     412
     384
     436
     478
     434
     420
     415
     438
     457
     436
     450
     420
     413
     402
     397
     420
     417
     417
     419
     443
     424
     404
     400
     466
     415
     408
     480
     428
     431
     428
     447
     464
     472
     445
     459
     436
     463
     456
     431
     457
     436
     451
     434
     427
     409
     411
     465
     442
     458
     435
     443
     434
     465
     464
     415
     449
     440
     472
     412
     415
     460
     425
     429
     461
     487
     477
     493
     433
     440
     483
     443
     441
     449
     439
     443
     460
     423
     444
     464
     404
     447
     445
     409
     428
     445
     445
     427
     446
     403
     436
     403
     409
     436
     435
     387
     420
     405
     383
     384
     407
     385
     385
     402
     418
     370
     388
     361
     410
     371
     364
     357
     382
     343
     358
     336
     325
     347
     348
     336
     355
     297
     345
     299
     259
     326
     307
     321
     318
     306
     311
     301
     312
     299
     285
     325
     302
     315
     304
     313
     301
     315
     282
     289
     284
     299
     269
     284
     293
     306
     272
     256
     256
     289
     265
     272
     279
     247
     244
     276
     273
     262
     282
     282
     282
     265
     271
     286
     260
     277
     268
     253
     298
     260
     261
     260
     265
     255
     272
     250
     251
     261
     259
     249
     245
     277
     254
     269
     254
     276
     255
     264
     258
     242
     242
     243
     254
     259
     252
     242
     260
     265
     268
     246
     258
     255
     233
     242
     254
     271
     219
     220
     254
     242
     241
     234
     266
     250
     243
     250
     249
     221
     216
     265
     263
     253
     235
     221
     223
     246
     247
     221
     217
     239
     232
     247
     220
     238
     266
     232
     224
     252
     253
     211
     229
     226
     235
     258
     231
     227
     198
     257
     231
     220
     220
     236
     204
     207
     234
     235
     229
     231
     205
     200
     238
     245
     219
     212
     216
     207
     224
     221
     244
     200
     202
     223
     210
     210
     217
     211
     220
     201
     231
     224
     215
     217
     200
     212
     228
     204
     242
     203
     183
     194
     188
     199
     197
     219
     221
     209
     198
     206
     211
     214
     198
     201
     193
     203
     203
     199
     183
     185
     201
     202
     199
     201
     199
     167
     184
     187
     206
     203
     194
     189
     164
     198
     171
     213
     191
     181
     179
     205
     192
     169
     170
     181
     188
     163
     199
     214
     179
     165
     183
     174
     195
     171
     197
     182
     214
     201
     162
     177
     191
     199
     181
     204
     175
     165
     179
     163
     149
     172
     192
     177
     169
     201
     165
     172
     195
     175
     196
     185
     171
     180
     173
     174
     161
     158
     187
     164
     162
     187
     149
     177
     156
     162
     180
     158
     182
     174
     175
     170
     172
     163
     170
     151
     146
     167
     167
     169
     169
     165
     151
     135
     167
     170
     176
     147
     148
     158
     151
     149
     165
     140
     158
     168
     147
     162
     149
     144
     152
     138
     133
     155
     164
     145
     167
     160
     161
     164
     130
     161
     151
     139
     155
     127
     126
     128
     147
     154
     136
     158
     148
     160
     157
     139
     143
     138
     161
     166
     150
     122
     178
     123
     134
     134
     139
     153
     148
     143
     135
     130
     150
     148
     133
     159
     131
     138
     130
     135
     138
     133
     147
     128
     143
     128
     122
     151
     126
     127
     134
     114
     119
     140
     130
     126
     136
     147
     146
     132
     130
     145
     132
     126
     146
     130
     129
     117
     130
     146
     136
     122
     126
     130
     146
     117
     135
     119
     148
     134
     147
     111
     115
     154
     110
     111
     127
     127
     120
     129
     114
     117
     133
     145
     134
     126
     135
     131
     133
     111
     124
     129
     115
     111
     129
     129
     114
     124
      99
     121
     117
     115
     131
     105
     116
     105
     133
     128
     112
     128
     100
     139
     118
     113
     129
     136
     111
     117
     113
     113
     105
     123
     132
     105
     111
     142
     111
     125
     111
     119
     125
     120
     109
     105
     100
     122
     125
     124
     109
      97
     116
     101
     105
     102
     113
     119
     108
     118
     104
     113
     118
     111
      92
     117
     121
     105
     116
     117
     129
     108
      96
     105
     123
     109
     123
     114
     107
     107
     120
     117
     120
      94
     132
     116
     106
     100
     128
     120
     126
      91
     123
     104
     119
     114
     106
     101
     117
     138
     131
     107
     113
     101
     102
     115
     125
     114
     102
     126
     124
     113
     122
     112
      97
     106
     130
     106
      94
     111
     102
     106
      92
     108
      94
     122
      95
     129
      84
      95
     108
     113
      97
     100
     115
     109
     111
      98
     108
     124
      96
      86
     103
     111
     108
     104
     118
     122
     113
     101
      73
      98
     119
     117
     124
     117
      94
     130
     122
      95
     102
     112
      95
     110
      96
     121
      93
      83
     103
     104
     106
     114
     125
     107
     100
     104
     120
     102
     106
      95
     105
     112
     118
     102
      97
     110
     103
     105
      92
      87
     122
     109
     113
     103
      99
     125
     107
     120
     107
     115
     103
     111
     115
     101
     109
     114
      96
      93
     118
      77
     109
     105
      80
     105
     105
     104
      98
     101
     103
      89
      85
     100
     100
     100
      78
     100
      99
     103
      70
     101
     102
     107
      93
      97
     112
      88
      95
      98
      84
      90
      98
      95
     101
     107
     104
      97
     108
      90
      93
     111
      85
     100
      98
      92
     107
     101
      94
      93
     104
     108
     101
      96
      93
     101
      96
     104
      98
     106
      97
      90
     114
     100
     100
      84
      81
      91
      93
      80
      92
     108
      99
     109
     103
      94
      88
     106
      91
      99
      79
      99
     104
     102
      98
     106
     125
      80
      83
     101
     104
      88
      95
      77
     100
      92
      96
      96
      96
     105
      97
     110
      77
      82
      94
     105
      98
     109
     107
      92
      92
      97
      91
      86
      91
      97
      99
      96
      81
      85
     107
      97
      91
     106
      85
     105
      93
      90
     100
      93
      91
      87
     113
      88
      86
      95
      86
      75
      85
      83
     103
      87
      87
      96
     103
      75
      68
      81
      99
      89
      92
     101
      96
      91
      78
      86
      96
      77
      74
      94
      85
      91
      96
      92
     107
     105
      81
     102
      80
      72
      80
      87
      81
      97
      94
      90
      89
      79
      90
     101
      90
      88
      78
      88
      78
      92
      84
      85
     101
      85
      86
      94
     105
      81
      90
      71
      79
     101
      82
      80
      67
      82
      87
      86
      79
      93
      84
      95
      88
      95
      81
      88
      98
      83
      84
      95
      87
     103
      75
      84
      77
     103
      84
      67
      98
      80
      85
      79
      93
      76
      85
      91
      74
      77
      95
      82
      86
      73
      74
      87
      90
      93
     100
      96
      92
     106
      83
      78
      98
      89
      87
     104
      81
      81
      92
      65
      72
      97
      97
      72
      71
      77
      87
      81
      82
      95
      84
      83
      77
      92
      91
      84
      93
      84
      82
      80
      84
      83
      90
     104
      79
      86
      88
      86
      87
      85
      99
      92
      68
      85
      86
      90
      79
     101
      79
      93
      92
      96
      86
     100
      97
      73
      84
      98
      82
     100
      96
      73
      78
      86
      83
      88
      69
      85
      88
      97
     113
      86
     103
     100
     128
     162
     213
     337
     527
     972
    1755
    2879
    4758
    7125
   10256
   13696
   17030
   20331
   22410
   22933
   21950
   19989
   17258
   14759
   12267
   10613
    9671
    9088
    8475
    8365
    8222
    7998
    7811
    7475
    6997
    6693
    6379
    5958
    5588
    5161
    4872
    4321
    3972
    3270
    2746
    2275
    1643
    1286
     880
     629
     444
     304
     219
     190
     200
     179
     164
     145
     163
     140
     137
     145
     135
     137
     118
     118
     133
     126
     129
     109
     110
     117
     120
     121
     117
     121
     110
     106
     131
     114
     120
     114
     106
     105
     106
      99
     107
     114
     107
     101
     103
     112
     115
      87
     102
      83
      71
      97
     101
      95
     105
     119
     100
     114
      87
      91
      75
      98
     102
      82
     100
      88
     107
     100
     105
      86
      79
      89
      96
      91
     101
      95
      89
      89
      85
      86
      89
     103
      92
      88
      87
      88
      88
      69
      89
      66
      87
      83
      82
      66
      78
      83
      92
      77
      82
      88
      68
     100
      69
      85
      88
      94
      85
      73
      82
      84
      87
      66
      70
      89
      86
      78
      88
      83
      93
      89
     101
      84
      89
      64
      87
      70
      82
      88
      70
      76
      78
     106
      75
      73
      71
      83
      78
      64
      78
      75
      85
      95
      61
      80
      77
      86
      73
      84
      76
      75
      75
      67
      75
      68
      63
      67
      68
      65
      79
      80
      81
      73
      80
      74
      80
      84
      84
      89
      78
      71
      76
      71
      76
      75
      74
      72
      68
      78
      66
      87
      72
      79
      80
      64
      79
      67
      60
      74
      67
      76
      70
      85
      72
      66
      71
      59
      75
      73
      67
      58
      91
      66
      77
      67
      73
      81
      69
      84
      73
      69
      75
      67
      71
      72
      73
      80
      80
      79
      65
      65
      78
      64
      70
      83
      71
      72
      81
      59
      70
      61
      73
      74
      74
      65
      59
      76
      80
      75
      59
      60
      59
      75
      73
      72
      62
      68
      61
      75
      79
      67
      83
      67
      77
      69
      71
      55
      61
      75
      69
      69
      77
      72
      62
      56
      66
      80
      71
      65
      62
      62
      66
      72
      59
      72
      66
      67
      52
      63
      71
      55
      69
      62
      70
      63
      54
      79
      82
      77
      56
      82
      69
      56
      84
      67
      67
      63
      61
      64
      74
      71
      73
      67
      80
      57
      70
      77
      67
      64
      68
      59
      70
      76
      63
      76
      77
      58
      48
      67
      82
      75
      75
      66
      76
      63
      58
      56
      63
      64
      77
      62
      67
      86
      74
      81
      77
      71
      74
      65
      69
      60
      53
      66
      49
      59
      71
      51
      67
      77
      71
      61
      66
      54
      82
      56
      76
      63
      57
      59
      61
      70
      72
      72
      61
      49
      52
      60
      67
      86
      75
      66
      65
      62
      54
      76
      52
      54
      66
      54
      55
      56
      64
      66
      68
      68
      64
      65
      56
      60
      55
      75
      74
      53
      45
      61
      51
      74
      70
      54
      82
      42
      73
      79
      57
      59
      64
      60
      66
      69
      58
      62
      58
      60
      51
      77
      58
      65
      50
      55
      52
      61
      51
      55
      67
      56
      60
      60
      64
      46
      63
      75
      51
      62
      50
      58
      55
      73
      68
      53
      59
      53
      54
      60
      60
      48
      63
      62
      55
      66
      72
      54
      55
      67
      52
      58
      59
      59
      66
      46
      47
      57
      62
      56
      55
      54
      58
      55
      68
      46
      58
      68
      53
      60
      67
      53
      73
      54
      60
      84
      60
      60
      63
      58
      75
      60
      65
      73
      71
      59
      57
      54
      52
      64
      48
      63
      56
      60
      60
      68
      71
      71
      65
      57
      60
      61
      58
      62
      75
      70
      44
      71
      81
      68
      48
      57
      57
      56
      55
      52
      57
      71
      58
      64
      43
      51
      62
      54
      40
      54
      58
      64
      75
      59
      47
      62
      77
      66
      63
      64
      54
      51
      65
      53
      50
      70
      63
      50
      55
      57
      67
      50
      52
      56
      60
      70
      49
      52
      56
      50
      66
      49
      56
      59
      58
      52
      54
      55
      60
      59
      42
      66
      57
      54
      51
      57
      54
      54
      42
      54
      65
      61
      60
      49
      66
      60
      64
      54
      62
      47
      47
      63
      47
      50
      64
      53
      44
      59
      72
      53
      56
      60
      52
      56
      61
      47
      48
      63
      55
      50
      46
      58
      60
      63
      53
      59
      57
      55
      64
      37
      61
      55
      43
      57
      47
      61
      57
      67
      43
      55
      43
      54
      55
      56
      59
      52
      56
      46
      51
      57
      58
      58
      54
      49
      42
      44
      63
      54
      56
      57
      55
      54
      51
      59
      52
      51
      48
      52
      56
      56
      67
      52
      49
      64
      55
      53
      64
      58
      65
      55
      53
      55
      47
      61
      45
      51
      47
      52
      40
      53
      49
      42
      51
      53
      44
      56
      57
      48
      59
      62
      53
      56
      51
      35
      35
      57
      44
      52
      49
      60
      49
      65
      42
      59
      46
      46
      42
      42
      51
      55
      41
      59
      43
      50
      45
      45
      59
      45
      50
      53
      55
      45
      57
      54
      54
      40
      53
      47
      54
      43
      46
      66
      51
      58
      50
      40
      49
      48
      48
      43
      58
      70
      50
      45
      47
      62
      47
      55
      53
      51
      50
      43
      53
      40
      47
      65
      40
      56
      47
      41
      54
      52
      40
      50
      52
      51
      44
      53
      43
      54
      47
      49
      43
      48
      46
      32
      43
      45
      52
      57
      58
      47
      50
      58
      45
      43
      52
      36
      42
      56
      54
      53
      47
      53
      55
      42
      65
      67
      59
      51
      46
      56
      61
      49
      52
      56
      46
      43
      54
      59
      50
      58
      54
      60
      54
      49
      64
      47
      47
      59
      49
      51
      68
      64
      57
      46
      47
      52
      51
      61
      62
      54
      43
      47
      50
      49
      36
      37
      65
      56
      57
      50
      57
      55
      59
      50
      58
      52
      43
      40
      48
      52
      37
      50
      49
      40
      45
      56
      53
      43
      37
      60
      49
      56
      64
      46
      50
      45
      44
      54
      51
      58
      46
      48
      49
      43
      58
      48
      45
      46
      53
      61
      58
      58
      50
      57
      52
      54
      58
      52
      56
      33
      50
      49
      33
      35
      54
      53
      45
      43
      41
      53
      52
      52
      67
      44
      42
      68
      59
      42
      43
      45
      47
      41
      43
      55
      50
      46
      50
      44
      47
      44
      47
      50
      56
      44
      45
      52
      43
      45
      45
      40
      57
      65
      56
      46
      49
      50
      54
      35
      49
      53
      40
      50
      46
      43
      62
      49
      49
      52
      52
      45
      51
      48
      44
      34
      44
      47
      42
      48
      51
      29
      45
      42
      69
      42
      43
      46
      62
      45
      52
      32
      47
      48
      57
      47
      52
      48
      41
      57
      59
      46
      38
      44
      49
      43
      46
      42
      56
      41
      44
      58
      58
      52
      55
      41
      56
      47
      43
      51
      41
      53
      51
      51
      47
      50
      63
      52
      43
      39
      51
      43
      37
      41
      38
      41
      38
      55
      47
      43
      53
      51
      41
      50
      43
      32
      50
      51
      44
      37
      40
      56
      45
      39
      54
      42
      44
      44
      53
      47
      46
      56
      46
      47
      45
      49
      54
      49
      50
      46
      42
      55
      39
      34
      40
      45
      50
      38
      51
      51
      42
      38
      46
      35
      30
      40
      30
      54
      38
      43
      39
      47
      40
      54
      38
      42
      53
      44
      34
      34
      47
      50
      41
      32
      42
      55
      51
      35
      46
      45
      34
      47
      44
      52
      45
      43
      43
      41
      57
      44
      34
      34
      54
      41
      49
      43
      46
      56
      50
      27
      51
      41
      51
      46
      43
      39
      53
      31
      36
      44
      38
      37
      31
      33
      38
      32
      42
      35
      45
      39
      43
      45
      39
      46
      29
      28
      31
      37
      34
      50
      36
      46
      44
      33
      42
      24
      35
      38
      28
      35
      39
      49
      56
      32
      54
      46
      34
      46
      34
      42
      43
      42
      47
      45
      45
      39
      35
      30
      39
      34
      43
      46
      49
      50
      48
      40
      35
      36
      52
      29
      38
      42
      46
      41
      36
      48
      40
      28
      42
      46
      44
      43
      39
      34
      33
      32
      38
      34
      47
      24
      36
      35
      40
      32
      37
      48
      32
      47
      32
      35
      57
      37
      38
      47
      41
      36
      48
      44
      39
      37
      26
      45
      41
      41
      40
      42
      37
      38
      38
      36
      34
      38
      41
      35
      35
      43
      34
      40
      35
      40
      41
      45
      25
      49
      36
      45
      38
      40
      30
      36
      43
      43
      36
      33
      36
      42
      37
      39
      30
      38
      35
      31
      35
      33
      39
      32
      34
      26
      55
      35
      49
      38
      32
      46
      37
      44
      39
      53
      41
      37
      36
      25
      47
      41
      37
      32
      39
      41
      43
      28
      40
      27
      36
      38
      39
      25
      36
      41
      34
      37
      34
      40
      38
      45
      29
      42
      33
      28
      37
      29
      28
      39
      37
      41
      47
      38
      34
      37
      41
      38
      32
      39
      34
      29
      38
      28
      38
      29
      35
      24
      42
      43
      36
      44
      23
      26
      30
      26
      27
      32
      39
      48
      36
      33
      33
      29
      35
      33
      38
      25
      28
      29
      23
      29
      32
      37
      33
      32
      30
      34
      33
      31
      31
      36
      29
      34
      33
      33
      33
      32
      33
      35
      30
      34
      40
      34
      22
      38
      35
      25
      33
      26
      34
      22
      36
      26
      28
      24
      27
      38
      36
      37
      39
      33
      32
      36
      30
      35
      32
      33
      22
      39
      28
      34
      32
      37
      33
      28
      32
      36
      26
      26
      45
      36
      36
      42
      33
      28
      33
      40
      34
      33
      23
      30
      27
      39
      35
      30
      25
      28
      30
      37
      29
      29
      21
      22
      37
      24
      24
      37
      33
      24
      29
      25
      33
      31
      32
      33
      32
      44
      32
      42
      38
      31
      38
      37
      32
      35
      30
      26
      38
      44
      23
      37
      25
      30
      32
      23
      34
      28
      26
      32
      35
      26
      29
      27
      29
      40
      30
      20
      34
      27
      32
      31
      29
      34
      25
      25
      35
      27
      23
      36
      34
      32
      30
      27
      31
      33
      22
      30
      30
      29
      26
      27
      32
      32
      30
      26
      30
      28
      29
      37
      36
      28
      39
      24
      24
      17
      17
      24
      25
      21
      24
      29
      32
      31
      28
      27
      39
      32
      25
      32
      32
      30
      24
      29
      27
      28
      29
      29
      32
      25
      36
      24
      32
      23
      34
      22
      27
      31
      22
      27
      25
      34
      20
      34
      30
      35
      28
      33
      30
      23
      35
      34
      27
      26
      35
      30
      33
      37
      24
      23
      23
      29
      34
      29
      26
      15
      15
      27
      27
      28
      29
      22
      25
      18
      32
      24
      32
      20
      30
      28
      22
      27
      30
      27
      30
      22
      35
      33
      29
      32
      32
      29
      31
      29
      24
      30
      33
      27
      28
      30
      29
      37
      32
      24
      35
      19
      23
      27
      24
      28
      32
      37
      21
      29
      24
      20
      27
      24
      33
      22
      23
      28
      24
      24
      26
      24
      29
      34
      27
      25
      32
      18
      24
      17
      27
      23
      33
      16
      29
      22
      20
      32
      26
      29
      34
      24
      23
      22
      29
      19
      34
      32
      31
      25
      19
      28
      22
      32
      34
      22
      36
      27
      30
      19
      27
      24
      20
      24
      23
      31
      31
      28
      21
      28
      31
      29
      38
      34
      25
      30
      25
      19
      25
      21
      34
      29
      25
      33
      24
      29
      27
      23
      32
      20
      27
      28
      26
      22
      28
      21
      22
      23
      20
      35
      20
      20
      22
      29
      26
      18
      30
      22
      24
      27
      19
      35
      22
      32
      26
      24
      28
      21
      25
      17
      24
      25
      23
      19
      20
      16
      22
      24
      26
      24
      25
      27
      28
      27
      23
      26
      22
      31
      24
      28
      17
      27
      32
      29
      29
      22
      21
      24
      23
      22
      30
      16
      28
      24
      29
      21
      23
      25
      19
      20
      26
      24
      23
      24
      21
      20
      22
      15
      18
      20
      23
      23
      34
      28
      28
      19
      29
      28
      28
      27
      28
      26
      31
      28
      13
      26
      26
      28
      26
      37
      27
      24
      27
      23
      22
      28
      24
      26
      28
      22
      23
      28
      29
      24
      33
      23
      29
      26
      26
      29
      15
      20
      23
      30
      27
      20
      11
      19
      21
      11
      20
      25
      23
      16
      21
      31
      23
      24
      21
      24
      30
      21
      12
      35
      24
      19
      20
      27
      29
      22
      19
      26
      23
      31
      24
      14
      24
      18
      26
      24
      20
      15
      18
      25
      24
      23
      22
      23
      25
      25
      26
      14
      21
      21
      19
      32
      20
      27
      30
      27
      30
      25
      28
      29
      27
      15
      29
      26
      33
      23
      21
      32
      24
      24
      18
      26
      27
      27
      26
      23
      23
      29
      19
      26
      21
      23
      21
      23
      20
      20
      25
      19
      20
      24
      30
      28
      33
      24
      22
      22
      16
      15
      18
      32
      26
      24
      22
      26
      22
      25
      21
      13
      17
      22
      26
      25
      25
      20
      16
      14
      25
      27
      25
      24
      28
      25
      17
      21
      22
      22
      29
      23
      29
      26
      19
      17
      22
      26
      23
      30
      23
      16
      31
      18
      24
      20
      20
      30
      31
      29
      18
      16
      20
      18
      22
      23
      17
      17
      32
      27
      19
      22
      28
      25
      20
      18
      22
      24
      23
      19
      24
      32
      17
      26
      17
      32
      24
      19
      20
      31
      19
      11
      20
      22
      31
      23
      16
      27
      16
      22
      20
      23
      19
      23
      27
      16
      26
      23
      23
      14
      14
      23
      18
      27
      25
      17
      20
      23
      21
      25
      22
      17
      20
      18
      21
      22
      28
      32
      19
      29
      28
      28
      15
      24
      15
      21
      19
      10
      19
      26
      12
      16
      18
      26
      22
      22
      25
      12
      24
      23
      23
      29
      10
      27
      24
      19
      18
      23
      21
      21
      26
      20
      18
      18
      22
      20
      12
      28
      27
      18
      14
      28
      22
      21
      24
      24
      28
      21
      19
      22
      30
      30
      30
      19
      19
      17
      17
      18
      18
      20
      20
      16
      30
      16
      15
      22
      20
      19
      19
      22
      22
      23
      20
      23
      18
      29
      19
      19
      21
      21
      31
      15
      25
      31
      15
      30
      31
      27
      21
      21
      20
      27
      20
      23
      20
      23
      22
      19
      19
      18
      18
      17
      21
      23
      24
      27
      16
      24
      18
      16
      13
      23
      20
      18
      22
      18
      14
      17
      15
      22
      23
      19
      20
      23
      14
      19
      23
      18
      16
      16
      24
      24
      21
      22
      31
      32
      20
      14
      20
      21
      21
      16
      11
      30
      24
      26
      30
      22
      11
      19
      20
      20
      21
      23
      18
      23
      18
      26
      20
      27
      23
      23
      12
      23
      20
      21
      17
      14
      14
      22
      15
      17
      20
      20
      18
      19
      15
      24
      23
      20
      25
      24
      22
      12
      18
      27
      35
      22
      14
      14
      25
      18
      19
      18
      15
      19
      18
      17
      19
      18
      21
      23
      18
      21
      22
      23
      15
      20
      12
      12
      14
       9
      17
      23
      22
      15
      19
      15
      21
      22
      18
      15
      12
      24
      25
      16
      19
      22
      15
      19
      27
      22
      17
      20
      12
      22
      18
      17
      21
      16
      24
      13
      14
      26
      29
      20
      14
      26
      13
      23
      24
      15
      11
      23
      22
      17
      26
      15
      19
      16
      20
      16
       9
      19
      21
      28
      18
      21
      20
      18
      17
      26
      19
      21
      22
      22
      12
      23
      14
      23
      10
      21
      26
      16
      22
      22
      20
      25
      21
      21
      25
      20
      16
      16
      19
      23
      23
      16
      16
      18
      14
      17
      16
      21
      29
      16
      13
      12
      22
      11
      11
      17
      18
      21
      19
      15
      22
      19
      20
      20
      22
      23
      21
      17
      17
      18
      16
      19
      18
      11
      16
      13
      18
      18
      21
      14
      17
      13
      21
      18
      27
      12
      20
      20
      19
      18
      18
      19
      13
      19
      25
      16
      19
      16
      28
      12
      16
      20
      11
      16
      19
      17
      17
      21
      10
      16
      15
      21
      13
      13
      17
      10
      14
      11
      17
      15
      18
      20
      17
      15
      13
      19
      11
      24
      21
      12
      21
      19
      22
      28
      10
      14
      16
      19
      12
      18
      17
      13
      13
      14
      25
      21
      15
      16
      24
      13
      22
      17
      14
      17
      20
      20
      18
      13
      10
      16
      10
      13
      16
      13
      17
      16
      15
      12
      15
      12
       9
      18
      13
      16
      25
      13
      18
      14
      19
      14
       9
      15
      14
      22
      13
      18
      12
      11
      12
      19
      16
      21
      12
      19
      16
       5
      10
      13
      20
      13
      17
      18
      17
      14
      12
      10
      20
      17
      12
      11
      22
      18
      17
      12
      19
      16
      14
      20
      11
      16
      18
      15
      15
      16
      14
      13
      16
      17
      14
      14
       6
       8
      15
      13
       9
      15
      23
      15
      12
      19
      16
      15
      20
      13
      16
      15
      13
       8
      17
      14
      13
      10
      12
      16
      11
      13
      13
      10
      12
      22
      12
      12
      21
      11
      15
      15
      12
       7
      11
      13
      10
      19
      11
      13
      23
       7
      11
      10
      12
      15
      11
      18
      10
      17
      17
       8
      10
      17
      15
      11
      19
      14
      10
      10
      19
       4
      11
       9
      10
      14
      14
      10
       7
      11
      14
      13
      20
      20
       8
      15
      13
      16
      10
      11
      10
      13
      14
      13
      16
      11
       8
      10
      10
      10
      13
      14
       9
       7
      15
      11
      10
      11
      10
      10
      14
      16
       6
       8
       6
      11
       6
      11
      18
       6
      17
      11
      17
      10
      15
      11
      13
      11
       9
      14
      15
      11
      16
      10
      10
      14
       9
      17
      11
      11
      10
      15
      14
      15
      14
       5
      10
       7
      14
      10
      16
      11
      15
      16
      11
       9
       9
      11
      16
      10
      16
      12
      10
       9
       9
      12
       5
       9
      13
       9
      12
      14
       6
       8
      14
      13
       9
      17
      10
      17
      13
       7
       9
       9
      18
      15
      13
      13
      10
      15
       7
      11
      12
      11
       4
      10
      11
      15
      14
      12
       9
       8
      11
       7
      15
       9
      11
       7
      16
      12
       8
      10
       9
       8
       7
      16
      13
      13
      14
       9
      10
      16
       6
      13
      11
       9
      14
      14
      11
       8
      10
      10
      20
      15
       8
      13
      10
       8
       7
      10
      14
      14
      14
      16
      14
      11
      14
      15
       6
       8
      11
      11
       6
       7
       7
      13
      10
       7
      12
       9
       7
      12
       7
      17
      14
       9
       7
      12
      12
      11
       8
      11
       7
       4
      10
      11
      11
       9
       9
      10
      11
      12
      10
      18
      13
      12
      13
      10
      11
      11
      13
      18
      11
      12
      11
       5
      14
      10
      10
       8
       9
      11
       9
       8
      13
      14
      14
      15
      12
      13
       8
      10
      11
      17
      11
       9
       7
      11
       7
       8
      14
      12
       9
       8
      11
       9
       9
      14
      10
      15
       9
      11
      13
      11
       9
      17
      12
      10
      12
       8
      18
      10
      15
      15
      15
      11
      12
       6
      10
      15
       9
      10
      17
      12
       9
      10
       3
       6
      12
      10
      12
      10
      13
      10
      10
       8
       9
       9
      13
      12
       9
      11
       9
      11
       9
      11
      16
       6
       8
      18
      10
      10
       5
      15
      10
      10
      11
       8
       9
      10
       9
      14
      11
      11
      11
      17
      14
      10
       7
       8
      10
       8
      10
       6
      18
      13
       8
       9
       7
       9
       4
       9
      15
      13
      10
      14
      12
      10
       9
       4
      12
       6
      14
      10
      11
       6
      16
       6
       9
       8
      11
      15
       7
      12
      14
      11
      12
      13
      10
      11
      15
      12
       6
       7
       8
       9
      17
       6
       9
      14
      13
       8
       8
       7
      12
      14
      10
      12
       8
       6
       7
      13
       9
      11
      12
      12
       6
       7
      14
      11
       7
      12
       7
      10
      15
       8
      10
      13
       6
      11
       8
       9
       5
       8
       9
       6
      11
      10
      11
       8
      12
       9
       6
       9
      11
       7
      10
      14
      10
      10
      10
      11
      13
      12
       7
       9
       4
       8
       8
       9
       8
       4
       8
       7
       8
      10
      11
       9
       9
       8
       8
      11
      13
       6
      12
      17
       8
      10
       6
       7
      15
      10
       5
      16
       8
      16
      10
      16
      10
      12
      11
       8
       7
      15
       9
      12
      13
       9
      12
      16
       9
      10
       8
       9
       6
      18
       8
       8
      11
       9
       9
       7
      10
      17
      16
       3
       8
       8
       5
       8
      11
       9
      12
       8
       9
       4
      11
       2
      10
      15
      13
      17
       9
       6
       9
       7
      11
      11
       7
       7
      10
      14
       8
       5
      10
       5
      11
       8
       9
       9
       9
      12
       8
      11
       6
       6
      15
       8
      15
      10
      12
      11
      11
       9
       8
       9
       9
       8
      13
      12
       5
      11
      13
      12
      12
       6
      13
       8
      15
       5
      10
       8
      10
      10
      11
      13
       8
      12
      10
      14
      11
       7
       7
       7
      10
      10
      15
      11
       9
      14
      10
      11
      11
       9
      15
       9
       5
      13
       9
       9
      15
       8
      14
      12
      12
       7
      11
      12
       7
      17
      14
      14
      10
      12
       8
      11
       6
      13
      18
      12
       9
      14
       9
      14
      13
      13
      14
       8
      10
       8
       7
      12
       9
      12
       9
      16
      11
       6
       7
      10
       6
      10
       5
      15
      14
       7
      19
       9
       9
      10
       4
      11
      10
      11
      12
      17
      11
       9
      10
       7
      17
       5
      10
       2
      10
      10
       9
      12
       4
      16
      13
      11
       9
       7
       8
      19
      13
       7
      11
       9
      20
      15
      13
      16
       6
      14
       4
      13
      19
      10
       4
       9
      11
      12
       9
       4
      13
      12
      19
      15
       5
      15
      17
       9
      10
      14
      15
      14
      13
      10
      14
      12
       7
      14
       8
      11
      10
      14
      10
      11
      11
      14
       8
      15
      12
      20
       9
      16
      16
      18
       7
      16
      12
      10
      14
       6
       9
      15
       9
      10
      17
      14
      13
      13
      10
      13
       8
      11
      18
      16
       8
      16
      11
      16
      11
       9
      13
      14
      15
      11
      16
      11
       5
      17
      15
      13
      11
       8
      15
      21
      12
      12
      11
      13
      16
      12
      15
      10
      16
      15
      16
      11
      18
       7
      13
      17
      16
      23
      15
      14
      15
      14
      13
      18
       8
      15
       6
      12
      12
      21
      13
      15
      14
      15
      11
      19
      12
      17
      16
      22
      12
      19
      16
      28
      19
      10
      11
      16
      10
      25
      16
      20
      21
      23
      23
      24
      19
      21
      18
      16
      16
      13
      22
      12
      31
      16
      23
      16
      24
      20
      27
      19
      23
      26
      16
      22
      26
      20
      23
      31
      25
      22
      20
      30
      30
      24
      27
      31
      24
      43
      39
      37
      35
      43
      46
      44
      46
      45
      61
      42
      45
      44
      39
      29
      30
      26
      28
      30
      21
      22
      26
      18
      21
      17
      17
      14
      14
       9
       6
       7
      10
       8
       4
       7
       4
       6
      10
       3
       6
       4
       3
       2
       4
       4
       2
       5
       2
       4
       5
       3
       3
       6
       6
       3
       1
       5
       3
       3
       2
       4
       3
       3
       1
       1
       6
       6
       4
       3
       6
       1
       3
       4
       2
       0
       5
       7
       7
       0
       5
       1
       4
       2
       6
       3
       1
       2
       5
       0
       1
       3
       2
       2
       3
       4
       6
       3
       4
       0
       5
       2
       1
       3
       0
       0
       1
       3
       3
       3
       1
       3
       7
       7
       3
       1
       1
       1
       5
       1
       1
       3
       2
       2
       5
       3
       3
       2
       3
       5
       0
       2
       0
       4
       1
       4
       1
       4
       2
       3
       2
       5
       2
       4
       2
       3
       4
       1
       5
       1
       4
       1
       3
       4
       2
       3
       4
       1
       5
       3
       4
       3
       2
       3
       2
       2
       4
       2
       1
       1
       4
       3
       3
       3
       1
       5
       1
       1
       4
       3
       5
       3
       3
       1
       2
       3
       1
       7
       2
       2
       4
       7
       1
       0
       3
       1
       1
       3
       1
       5
       3
       6
       2
       3
       0
       3
       3
       4
       2
       4
       3
       2
       5
       5
       4
       2
       1
       6
       3
       4
       4
       0
       2
       3
       5
       2
       6
       1
       2
       3
       4
       4
       1
       1
       1
       3
       1
       1
       4
       4
       0
       1
       1
       3
       1
       8
       4
       7
       3
       0
       3
       3
       4
       3
       4
       1
       1
       2
       3
       3
       0
       2
       3
       2
       3
       1
       1
       2
       5
       2
       1
       4
       1
       1
       1
       2
       0
       1
       1
       1
       2
       2
       3
       3
       1
       1
       3
       2
       3
       3
       2
       4
       2
       1
       1
       1
       1
       1
       0
       2
       3
       1
       3
       3
       5
       0
       0
       2
       3
       3
       0
       0
       1
       3
       2
       3
       2
       3
       3
       1
       1
       2
       5
       3
       4
       1
       2
       3
       3
       4
       1
       2
       3
       1
       3
       2
       3
       4
       0
       3
       2
       3
       3
       4
       1
       3
       7
       2
       3
       3
       4
       3
       2
       0
       2
       0
       0
       1
       6
       1
       1
       0
       1
       2
       5
       3
       3
       0
       1
       0
       1
       1
       2
       5
       1
       0
       4
       4
       2
       2
       6
       2
       3
       3
       3
       5
       1
       2
       2
       2
       2
       5
       0
       2
       5
       2
       2
       3
       3
       1
       0
       2
       1
       3
       2
       6
       2
       0
       5
       4
       1
       2
       1
       1
       1
       2
       6
       1
       4
       1
       1
       3
       6
       1
       3
       1
       0
       2
       3
       1
       1
       3
       2
       2
       0
       4
       2
       1
       3
       1
       0
       1
       0
       3
       0
       0
       3
       1
       4
       1
       4
       1
       1
       0
       3
       1
       4
       5
       1
       3
       2
       1
       1
       0
       2
       3
       3
       3
       7
       0
       1
       3
       4
       0
       3
       2
       0
       3
       1
       3
       3
       2
       1
       2
       4
       0
       3
       1
       0
       1
       2
       1
       1
       2
       0
       1
       0
       3
       1
       0
       0
       0
       1
       2
       5
       2
       0
       2
       3
       0
       3
       3
       1
       0
       0
       6
       1
       5
       3
       0
       0
       0
       0
       4
       0
       1
       0
       1
       0
       0
       1
       1
       0
       2
       1
       0
       1
       1
       0
       0
       0
       1
       5
       2
       1
       2
       0
       3
       2
       1
       3
       5
       0
       0
       1
       2
       0
       0
       2
       4
       4
       4
       1
       0
       3
       2
       3
       2
       1
       2
       2
       2
       3
       1
       0
       2
       3
       2
       2
       1
       2
       2
       3
       3
       2
       1
       4
       1
       3
       0
       3
       2
       2
       6
       2
       1
       2
       1
       2
       2
       0
       4
       1
       1
       2
       0
       1
       3
       1
       2
       2
       3
       1
       1
       0
       1
       0
       0
       3
       0
       2
       1
       2
       0
       0
       2
       0
       1
       3
       0
       1
       1
       0
       1
       0
       2
       1
       2
       2
       0
       1
       2
       1
       0
       2
       4
       4
       0
       1
       1
       2
       1
       2
       1
       0
       3
       1
       1
       2
       1
       0
       1
       3
       2
       0
       2
       1
       1
       0
       0
       0
       1
       1
       0
       0
       4
       1
       0
       2
       2
       2
       0
       1
       1
       1
       0
       2
       2
       1
       3
       2
       2
       0
       1
       2
       3
       1
       1
       1
       2
       1
       3
       1
       1
       0
       1
       3
       2
       0
       2
       1
       2
       2
       1
       5
       2
       1
       1
       3
       3
       1
       1
       1
       4
       2
       3
       3
       2
       0
       2
       3
       2
       5
       0
       2
       5
       2
       3
       4
       1
       2
       1
       2
       1
       2
       4
       3
       0
       0
       1
       1
       1
       3
       0
       0
       0
       1
       2
       1
       0
       0
       2
       1
       0
       1
       1
       1
       1
       1
       0
       1
       2
       1
       1
       2
       1
       1
       2
       2
       0
       0
       1
       1
       2
       3
       2
       2
       1
       2
       2
       0
       3
       0
       4
       1
       0
       1
       3
       1
       0
       1
       1
       1
       1
       0
       2
       2
       0
       2
       2
       1
       1
       0
       2
       1
       0
       2
       0
       0
       0
       1
       2
       4
       1
       3
       0
       0
       0
       2
       3
       0
       5
       0
       3
       1
       1
       1
       0
       0
       3
       2
       1
       3
       0
       3
       1
       0
       1
       1
       3
       1
       1
       0
       4
       3
       0
       1
       0
       0
       2
       2
       1
       2
       1
       1
       2
       0
       2
       0
       2
       0
       1
       1
       2
       1
       0
       0
       2
       1
       1
       0
       0
       0
       1
       3
       1
       2
       2
       1
       2
       0
       0
       1
       2
       0
       1
       3
       1
       0
       4
       1
       0
       3
       0
       0
       3
       3
       1
       1
       1
       1
       2
       0
       0
       3
       0
       4
       1
       0
       3
       1
       2
       0
       1
       2
       1
       2
       1
       0
       2
       1
       3
       1
       2
       1
       0
       2
       1
       0
       0
       1
       3
       1
       1
       0
       2
       1
       1
       1
       0
       0
       1
       2
       2
       2
       2
       1
       0
       0
       1
       1
       0
       0
       2
       1
       0
       2
       1
       0
       1
       1
       0
       2
       2
       1
       3
       2
       1
       1
       0
       1
       3
       0
       0
       2
       2
       2
       1
       2
       0
       2
       1
       2
       1
       2
       2
       0
       1
       1
       0
       0
       4
       2
       1
       0
       1
       0
       1
       1
       0
       5
       1
       1
       0
       0
       1
       1
       1
       0
       0
       1
       1
       0
       3
       1
       2
       0
       2
       3
       1
       1
       2
       1
       1
       0
       2
       0
       1
       1
       1
       0
       1
       1
       1
       0
       1
       1
       0
       1
       3
       1
       2
       1
       2
       3
       2
       2
       0
       2
       0
       1
       3
       1
       2
       0
       2
       2
       3
       2
       3
       1
       1
       1
       0
       1
       2
       1
       1
       2
       2
       1
       2
       3
       0
       1
       3
       0
       0
       2
       1
       0
       1
       3
       0
       3
       0
       1
       0
       1
       2
       1
       2
       0
       2
       0
       0
       1
       1
       2
       2
       0
       1
       2
       2
       3
       4
       0
       0
       0
       1
       1
       1
       1
       2
       0
       0
       1
       1
       0
       0
       0
       1
       1
       1
       1
       0
       0
       1
       3
       1
       1
       1
       1
       4
       2
       0
       1
       0
       0
       1
       1
       1
       0
       0
       1
       0
       2
       0
       0
       1
       0
       1
       0
       1
       0
       0
       1
       0
       3
       0
       0
       1
       2
       0
       2
       0
       3
       1
       1
       1
       0
       1
       0
       2
       1
       0
       1
       2
       0
       0
       0
       2
       0
       0
       2
       1
       1
       1
       1
       0
       0
       0
       0
       0
       0
       1
       2
       0
       2
       1
       0
       3
       3
       1
       1
       0
       0
       1
       1
       1
       0
       0
       3
       1
       3
       0
       1
       2
       1
       0
       1
       1
       2
       0
       0
       1
       0
       1
       0
       2
       1
$ROI:
0
$PRESETS:
Real Time
300
0
$ENER_FIT:
1.185777 0.187465
$MCA_CAL:
3
1.185777E+000 1.874650E-001 0.000000E+000 keV
$SHAPE_CAL:
3
0.000000E+000 0.000000E+000 0.000000E+000
