$SPEC_ID:
No sample description was entered.
$SPEC_REM:
DET# 8
DETDESC# Detector #8 - 80% HPGe (Matchmaker MCB 1)
AP# Maestro Version 7.01
$DATE_MEA:
10/22/2025 14:10:31
$MEAS_TIM:
258 300
$DATA:
0 8191
       0
       0
       0
       0
       0
       0
       0
       0
       0
       0
       0
       0
       0
       0
       0
       0
       0
       0
       0
       0
       0
       0
       0
       0
       0
       0
       0
       0
       0
       0
       0
       0
       0
       0
       0
       0
       0
       0
       0
       0
       0
       0
       0
       0
       0
       0
       0
       0
       0
       0
      18
     317
     405
     463
     429
     421
     405
     414
     397
     454
     417
     427
     423
     385
     390
     375
     395
     381
     371
     399
     369
     370
     349
     372
     343
     377
     329
     356
     355
     321
     393
     331
     374
     363
     325
     327
     324
     301
     362
     302
     353
     340
     325
     309
     321
     322
     321
     321
     303
     261
     289
     307
     286
     285
     306
     306
     248
     289
     276
     271
     304
     272
     303
     295
     294
     282
     299
     286
     305
     274
     270
     280
     300
     256
     264
     280
     269
     266
     265
     262
     272
     234
     243
     277
     254
     271
     210
     266
     274
     280
     284
     266
     267
     239
     288
     281
     265
     261
     252
     231
     297
     250
     224
     255
     252
     235
     256
     252
     252
     247
     255
     224
     247
     254
     259
     229
     256
     242
     230
     268
     279
     230
     252
     254
     241
     259
     280
     247
     275
     261
     243
     240
     266
     264
     269
     248
     253
     235
     267
     261
     252
     235
     238
     238
     239
     242
     244
     268
     252
     230
     238
     197
     261
     260
     257
     256
     215
     276
     257
     229
     231
     231
     244
     243
     230
     217
     215
     211
     234
     229
     200
     249
     232
     224
     208
     211
     260
     223
     227
     204
     234
     187
     230
     212
     209
     239
     260
     235
     211
     236
     229
     225
     235
     216
     237
     261
     203
     233
     199
     190
     186
     230
     237
     194
     216
     217
     186
     189
     200
     211
     173
     218
     205
     168
     185
     199
     193
     200
     187
     183
     181
     203
     193
     201
     193
     187
     193
     183
     191
     183
     190
     205
     195
     194
     195
     184
     202
     198
     166
     175
     180
     173
     202
     188
     170
     186
     164
     193
     178
     183
     189
     185
     159
     198
     183
     158
     181
     187
     166
     198
     177
     179
     173
     179
     165
     185
     189
     193
     197
     197
     174
     181
     159
     196
     200
     178
     168
     201
     190
     196
     197
     185
     218
     190
     196
     152
     199
     195
     190
     196
     148
     228
     202
     201
     168
     189
     183
     191
     204
     212
     231
     185
     197
     194
     202
     199
     166
     198
     190
     178
     215
     208
     193
     208
     202
     229
     201
     202
     184
     193
     186
     226
     209
     222
     209
     204
     205
     228
     197
     219
     243
     217
     229
     224
     229
     224
     234
     214
     229
     253
     217
     269
     262
     276
     278
     269
     251
     254
     224
     246
     212
     256
     205
     213
     221
     241
     224
     232
     227
     196
     222
     227
     229
     242
     248
     248
     231
     233
     244
     233
     257
     233
     239
     219
     248
     232
     220
     267
     239
     250
     205
     279
     241
     266
     247
     288
     287
     263
     306
     284
     253
     309
     282
     300
     319
     327
     345
     318
     327
     334
     301
     315
     319
     302
     324
     337
     305
     295
     323
     327
     347
     310
     358
     305
     328
     316
     335
     315
     338
     293
     312
     298
     332
     300
     343
     286
     333
     312
     304
     360
     327
     336
     336
     334
     365
     322
     359
     329
     348
     357
     324
     310
     340
     311
     377
     332
     363
     347
     332
     349
     327
     331
     342
     350
     401
     374
     356
     377
     392
     355
     369
     367
     361
     399
     357
     339
     351
     387
     354
     398
     323
     384
     356
     330
     363
     377
     335
     391
     372
     346
     376
     397
     399
     379
     378
     387
     363
     359
     369
     409
     359
     387
     382
     388
     388
     352
     384
     399
     379
     382
     418
     388
     431
     409
     389
     354
     416
     389
     388
     370
     363
     362
     427
     394
     386
     397
     386
     383
     388
     393
     413
     416
     419
     423
     435
     394
     379
     390
     438
     427
     404
     411
     419
     371
     455
     372
     403
     433
     390
     411
     436
     395
     418
     396
     406
     469
     441
     414
     416
     433
     458
     438
     433
     460
     421
     421
     447
     407
     407
     416
     419
     395
     473
     418
     437
     445
     431
     436
     460
     451
     439
     448
     482
     449
     452
     444
     470
     470
     451
     441
     487
     489
     657
     805
    1226
    1964
    3260
    4842
    6788
    8649
    9682
    9621
    8306
    6725
    4932
    3442
    2625
    2226
    2130
    1874
    1877
    1729
    1567
    1442
    1273
    1197
    1073
    1000
    1032
     909
     918
     778
     761
     729
     683
     578
     536
     415
     345
     326
     305
     269
     269
     226
     235
     238
     244
     264
     236
     229
     216
     225
     239
     245
     219
     231
     209
     210
     238
     233
     230
     216
     242
     223
     235
     236
     233
     237
     211
     225
     238
     225
     233
     226
     211
     206
     227
     206
     190
     234
     225
     201
     219
     226
     204
     257
     246
     225
     233
     236
     227
     236
     217
     238
     245
     220
     214
     216
     208
     212
     226
     220
     257
     206
     210
     221
     215
     231
     223
     202
     252
     225
     232
     238
     238
     243
     255
     217
     204
     229
     215
     224
     234
     226
     233
     246
     242
     216
     224
     226
     246
     257
     270
     245
     231
     235
     240
     234
     228
     238
     214
     253
     242
     246
     239
     254
     245
     257
     266
     271
     259
     257
     259
     250
     279
     253
     271
     279
     277
     236
     236
     269
     255
     274
     274
     255
     259
     242
     276
     250
     240
     234
     214
     252
     288
     257
     239
     255
     251
     261
     261
     305
     263
     251
     259
     237
     233
     265
     277
     227
     231
     253
     239
     243
     251
     232
     235
     239
     247
     233
     237
     227
     259
     261
     251
     253
     239
     243
     253
     256
     263
     253
     246
     232
     265
     256
     288
     238
     256
     241
     279
     257
     257
     241
     270
     243
     227
     264
     249
     238
     277
     232
     231
     239
     259
     267
     238
     260
     261
     239
     273
     246
     266
     249
     257
     252
     258
     278
     255
     257
     259
     248
     248
     253
     227
     288
     262
     250
     280
     263
     269
     254
     253
     283
     248
     216
     262
     237
     256
     237
     224
     250
     301
     245
     236
     250
     263
     275
     265
     228
     267
     268
     262
     254
     271
     258
     239
     251
     243
     239
     239
     232
     243
     251
     248
     241
     266
     257
     232
     256
     225
     233
     231
     242
     241
     238
     278
     206
     263
     255
     246
     241
     240
     258
     253
     272
     268
     253
     236
     289
     253
     253
     258
     232
     227
     246
     239
     246
     242
     252
     250
     279
     252
     256
     272
     265
     247
     260
     267
     221
     238
     265
     274
     253
     243
     275
     240
     245
     285
     254
     258
     264
     248
     261
     238
     273
     262
     288
     247
     252
     245
     268
     237
     267
     234
     232
     267
     240
     248
     260
     236
     232
     274
     247
     277
     261
     262
     245
     287
     247
     258
     248
     235
     257
     239
     243
     264
     263
     256
     287
     270
     258
     255
     245
     262
     264
     250
     242
     256
     235
     243
     249
     263
     259
     287
     252
     233
     232
     232
     226
     231
     254
     235
     248
     234
     237
     247
     237
     226
     244
     241
     217
     246
     208
     222
     223
     231
     238
     241
     230
     236
     243
     240
     244
     248
     228
     236
     219
     189
     251
     240
     214
     215
     225
     229
     194
     238
     225
     242
     249
     220
     207
     225
     255
     244
     234
     252
     221
     249
     247
     221
     247
     247
     258
     257
     236
     231
     235
     201
     236
     240
     234
     221
     255
     238
     246
     232
     222
     208
     211
     236
     210
     221
     237
     221
     221
     240
     215
     246
     247
     197
     204
     206
     210
     216
     230
     199
     211
     207
     224
     202
     233
     213
     233
     202
     198
     216
     217
     223
     210
     224
     208
     196
     201
     238
     213
     207
     223
     199
     239
     238
     228
     226
     242
     218
     217
     251
     219
     228
     251
     211
     221
     236
     206
     215
     232
     206
     230
     226
     211
     224
     213
     213
     191
     182
     233
     219
     224
     211
     208
     203
     234
     193
     212
     216
     212
     214
     186
     206
     239
     212
     228
     182
     202
     223
     222
     194
     180
     204
     238
     214
     205
     214
     194
     232
     194
     231
     207
     201
     217
     193
     219
     205
     210
     214
     186
     220
     213
     222
     193
     188
     212
     216
     181
     198
     210
     177
     200
     189
     182
     202
     186
     183
     208
     194
     177
     185
     194
     200
     190
     220
     184
     188
     218
     215
     175
     186
     218
     189
     210
     209
     177
     168
     201
     186
     194
     170
     218
     206
     198
     205
     194
     194
     215
     219
     216
     202
     183
     208
     197
     190
     204
     193
     201
     206
     211
     194
     196
     204
     271
     315
     401
     607
     878
    1313
    1650
    2099
    2172
    2252
    2069
    1675
    1241
     910
     667
     554
     523
     486
     503
     466
     449
     432
     418
     439
     415
     490
     418
     403
     359
     364
     332
     262
     294
     279
     233
     203
     225
     183
     200
     169
     194
     187
     190
     203
     203
     183
     191
     181
     191
     185
     180
     160
     201
     191
     167
     149
     166
     172
     173
     170
     194
     167
     164
     175
     182
     153
     189
     160
     183
     168
     161
     162
     171
     150
     146
     173
     176
     161
     193
     160
     176
     168
     161
     175
     161
     165
     166
     187
     181
     162
     155
     197
     159
     160
     169
     163
     172
     161
     167
     156
     163
     173
     162
     156
     165
     169
     164
     181
     150
     134
     162
     156
     167
     149
     163
     173
     173
     175
     145
     159
     187
     152
     163
     163
     154
     147
     166
     148
     156
     140
     142
     128
     179
     171
     159
     176
     167
     163
     151
     158
     166
     171
     145
     169
     190
     175
     178
     177
     139
     174
     173
     150
     174
     136
     154
     157
     162
     174
     142
     176
     162
     175
     168
     171
     140
     172
     163
     171
     151
     167
     161
     166
     180
     148
     176
     161
     143
     146
     158
     161
     144
     129
     147
     140
     144
     145
     166
     146
     149
     156
     158
     160
     157
     153
     184
     144
     136
     132
     157
     156
     144
     158
     157
     144
     141
     170
     138
     156
     143
     125
     145
     116
     146
     172
     152
     148
     173
     150
     126
     143
     152
     120
     152
     132
     142
     174
     162
     138
     155
     140
     155
     143
     140
     165
     159
     132
     120
     132
     156
     170
     166
     127
     154
     143
     139
     159
     136
     161
     144
     154
     149
     125
     146
     154
     158
     135
     121
     165
     151
     157
     134
     152
     135
     139
     162
     149
     137
     147
     141
     123
     163
     167
     164
     179
     166
     203
     226
     224
     256
     230
     238
     201
     178
     195
     166
     173
     143
     159
     154
     163
     163
     148
     141
     144
     167
     143
     117
     160
     154
     147
     146
     164
     140
     127
     135
     142
     142
     164
     134
     141
     155
     146
     146
     144
     145
     136
     138
     134
     115
     134
     132
     111
     127
     145
     135
     145
     154
     158
     126
     145
     124
     138
     121
     144
     137
     123
     149
     122
     117
     134
     129
     139
     143
     122
     133
     114
     155
     139
     124
     120
     127
     140
     136
     123
     126
     123
     143
     128
     153
     147
     118
     153
     140
     123
     131
     128
     144
     115
     146
     110
     132
     133
     129
     132
     148
     133
     157
     143
     136
     143
     127
     162
     145
     149
     128
     122
     127
     135
     128
     127
     124
     133
     150
     147
     110
     136
     143
     137
     140
     127
     153
     148
     127
     122
     126
     107
     130
     127
     144
     134
     106
     140
     128
     129
     124
     139
     155
     123
     119
     146
     133
     142
     118
     129
     135
     149
     138
     147
     129
     129
     150
     135
     158
     144
     153
     149
     128
     150
     112
     117
     133
     126
     122
     131
     125
     136
     136
     141
     126
     161
     148
     143
     152
     156
     160
     153
     154
     146
     143
     145
     142
     140
     138
     155
     132
     125
     135
     123
     134
     152
     137
     120
     154
     109
     150
     118
     118
     146
     104
     130
     146
     128
     118
     123
     128
     111
     124
     103
     137
     132
     141
     129
     125
     123
     139
     139
     103
     119
     136
     106
     153
     141
     137
     123
     104
     120
     132
     117
     127
     137
     117
     146
     125
     136
     137
     134
     139
     124
     120
     133
     143
     160
     178
     223
     304
     544
     902
    1420
    2297
    3387
    4498
    5465
    6180
    6026
    5609
    4693
    3662
    2580
    1866
    1423
    1178
    1077
     979
     975
     893
     851
     808
     732
     717
     616
     583
     550
     520
     482
     459
     386
     375
     307
     296
     232
     190
     158
     140
     120
     109
     118
     116
     103
     111
      92
     120
     111
     116
      95
     110
     109
     103
     102
     111
     121
     106
     113
     107
      96
      90
      93
     101
      95
     103
     115
      97
     100
      93
     114
     120
     108
     107
      97
     110
      97
      96
     105
     101
     101
      99
      93
      84
      92
     109
      85
     105
     113
     111
     109
     103
     113
     123
     109
      85
     110
      77
      83
     114
      86
     108
     114
     109
     103
     103
      94
      99
     102
     107
     102
     102
     114
     107
     100
      95
     104
      91
     112
      97
      92
     106
     118
     137
     119
     134
     124
     183
     183
     158
     225
     247
     276
     277
     252
     255
     236
     207
     171
     139
     144
     148
     113
     121
     128
     141
     117
     135
     121
     102
     118
     120
     105
     112
     118
      84
     111
     102
      89
     121
      98
     107
      84
      89
      89
      93
     108
      91
      94
      90
      88
      91
     108
     100
      76
      92
      98
     114
      99
      96
      87
      98
      79
      88
      77
      84
     101
      86
     106
      86
      83
     102
      92
      83
      87
      88
      88
      85
      97
      97
      81
      89
      86
      85
      94
     113
      75
      91
      88
      91
      89
      88
      89
     103
      92
     102
      98
      98
      87
      95
     109
      98
      95
      84
      87
     109
      83
      97
      96
      93
      97
     113
      95
      87
      97
      96
     105
     111
      95
      93
     111
     109
      86
     100
     115
     104
     102
     101
      78
      88
      89
      74
      70
      91
      83
      66
      84
      85
      90
      91
      92
      81
      91
      82
      91
      78
      88
      85
      83
      95
      84
      94
      90
      80
      99
      91
      76
      98
      78
      84
      86
      85
      91
     100
     104
      82
      82
      95
      86
      91
      90
      75
     103
      94
      85
      93
      76
     100
      79
      86
      93
      93
      96
      74
      96
      78
      93
      88
      94
      87
      87
      84
      80
      92
      94
      84
     107
      87
      91
      90
      79
      96
      93
      90
      89
     100
      78
      95
     111
      72
      81
      80
      85
      87
      80
      74
      72
      95
      96
      88
      91
      90
     100
      86
      97
      72
      81
      99
      85
      73
      96
     106
     121
     111
     145
     155
     184
     278
     357
     416
     495
     503
     460
     440
     349
     286
     238
     215
     167
     153
     156
     149
     134
     114
     155
     131
     132
     115
     146
     136
     122
     103
     119
     141
     141
     137
     120
     113
     110
      99
     106
      85
     110
      91
      74
      86
      90
      76
      81
      92
     101
      78
      97
      85
      75
     104
      85
      85
      70
      98
      93
      66
      85
      69
      90
      80
      87
      74
      93
      91
      84
      75
      81
      82
      90
      81
      98
      76
      64
      85
      68
      85
      95
      90
      96
      79
      90
      68
      79
      75
      79
      83
      88
      89
      72
      72
      97
      74
      80
      89
      85
      97
      91
      93
      90
      82
      71
      79
      82
      76
      73
      83
      82
      99
      66
      75
      79
      85
      77
     107
      85
      76
      71
      81
      84
      84
      92
      71
      85
      87
      77
      68
      77
     101
     100
      80
      86
      77
      72
      64
      88
      82
      88
      93
      73
     102
     106
      89
      60
      86
      73
      71
      72
      73
      64
      90
      77
      76
      86
      89
      68
      75
      77
      90
      74
      90
      78
      87
      84
      71
      87
      93
      89
      79
      96
     104
     108
     153
     206
     232
     343
     425
     527
     627
     609
     646
     526
     532
     379
     324
     266
     224
     176
     153
     168
     153
     180
     153
     165
     149
     118
     126
     129
     128
     136
     126
     120
      98
     114
     104
     102
      91
      87
      85
      82
      92
      87
      78
      76
     106
      95
      65
      86
      92
      81
      71
      86
      72
      63
      79
      76
      74
      89
      91
      74
      73
      75
      83
      80
      93
      86
      85
      83
      90
      92
      90
      90
      86
      81
      97
      71
      86
      86
      87
      69
      82
      85
      85
      93
      80
      69
      72
      92
      98
      90
      75
      76
      76
      85
      75
      81
      66
      69
      78
      79
      98
      87
      78
      76
      62
      79
      72
      72
      70
      92
      78
      92
      83
      92
      86
      73
      82
      86
      77
      89
      82
      95
      86
      80
      78
      79
      71
      81
      78
      73
      64
      82
      75
      70
      88
      87
      78
      67
      71
      81
      81
      75
      60
      80
      64
      78
      69
      87
      74
      58
      86
      64
      78
      72
      72
      68
      72
      85
      79
      84
      81
      78
      61
      69
      75
      87
      63
      81
      77
      71
      67
      92
      79
      64
      72
      79
      74
      82
      93
      77
      82
     102
      59
      69
      91
      71
      77
      72
      80
      83
      77
      73
      94
      83
      61
      79
      85
      67
      84
      76
      80
      86
      70
      86
      86
      88
      70
      75
      91
      88
      98
      91
      75
      63
      94
      81
      83
      74
      84
      69
      71
      93
      77
      69
      84
     105
      96
      78
      83
      65
      92
      67
      71
      87
      76
      73
      71
      78
      86
      96
     102
     126
     137
     135
     137
     142
     136
     135
     110
     110
      99
      81
      84
      89
      95
      83
      89
      89
      94
      89
      84
      91
      79
      85
      77
     100
      73
      77
      93
      98
      99
      86
      82
      81
      80
      73
      93
      67
      81
      74
      70
      77
      88
      92
      69
      73
      78
      98
      86
      60
      83
      67
      84
      82
      66
      96
      80
      52
      79
      75
      73
      73
      71
      61
      85
      85
      95
      64
      87
      84
     101
      73
      72
      92
      94
      92
      74
      73
      88
      77
     108
      89
     115
     112
      96
      93
      99
      88
     104
      76
      92
      79
      69
      77
      88
      84
      75
      80
      82
      71
      86
      79
      84
      83
      65
      64
      79
      81
      65
      83
      79
      72
      72
      82
      77
      93
      69
      81
      86
      72
      88
      82
      87
      79
      75
      99
      73
      81
      74
      79
     100
      98
      79
      69
      70
      72
      82
      84
     106
      87
      85
      76
      81
      60
      72
      67
      93
      88
      85
      60
      79
      75
      97
      82
      97
      77
      96
      73
      78
      78
      80
      66
      84
      80
      68
      89
      88
      74
      79
      82
     100
      75
      78
      92
      73
      72
      88
      62
      75
      71
      78
      68
      74
      79
      83
      73
      79
      87
      78
      89
      96
      73
      74
      92
      77
      75
      72
      78
      81
      74
      73
      71
      84
      67
      81
      85
      66
      77
      67
      90
      70
      67
      72
      80
      85
      83
     102
      75
      70
      82
      79
      81
      93
      77
      67
      71
      71
      85
      86
      87
      93
      68
      68
      75
      78
      71
      85
      73
      71
      82
      81
      87
      83
      80
      96
      79
      80
      72
      78
      74
      84
      70
      75
      81
      74
      79
      70
      68
      70
      70
      78
      67
      86
      83
      77
      71
      74
      94
      67
      82
      65
      82
      80
      84
      89
      80
      72
      68
      87
      80
      84
      56
      85
      80
      77
      65
      69
      84
      72
      71
      90
      75
      73
      82
      68
      71
      62
      70
      80
      71
      79
      69
      82
      85
      72
      68
      70
      83
      89
      61
      69
      80
      77
      88
      79
      71
      81
      76
      76
      92
      71
      67
      86
      67
      88
      93
      64
      72
      63
      61
      68
      81
      94
      71
      95
      71
      74
      80
      88
      73
      76
      75
      66
      75
      86
      75
      76
      70
      74
      83
      74
      88
      87
      82
      73
      80
      79
      76
      87
     105
      81
      75
      96
      86
      84
      77
      82
      91
      93
      71
      79
      97
      64
      83
      79
      55
      81
      81
      70
      76
      70
      69
      70
      82
      77
      94
      73
      72
      84
     105
      79
      78
      84
      88
     108
     106
     101
     131
     114
     169
     159
     145
     143
     124
     134
     127
     123
      91
     118
      96
     125
     108
     118
     119
     100
     116
     128
      96
      99
      69
      88
      80
      87
      77
      75
      96
     106
      80
      88
      82
      88
      96
      82
      76
      89
      90
      71
      70
      72
      96
      83
      68
      72
      77
      63
      84
      83
      71
      72
      84
      87
      70
      67
      56
      68
      75
      74
      78
      85
      82
      92
      84
      74
      96
      75
      76
      74
      77
      88
      74
      64
      91
      80
      80
      84
      77
      86
      68
      70
     101
      80
      71
      76
      61
      75
      75
      78
      78
     100
      87
      70
      77
      85
      93
      87
      75
      88
      79
      66
      84
      75
      80
      90
      72
      92
      79
      92
     101
      91
      94
      88
     100
      84
     102
      84
     132
     108
     130
     139
     137
     144
     112
     116
     126
      87
      94
      82
      85
      84
      83
     102
      95
      81
      87
      79
      88
      76
      82
      70
      92
      79
      67
      94
      84
      90
      99
     103
     108
      94
      85
      91
      83
      88
      79
      84
      73
      75
      80
      80
      88
      79
      89
      71
      71
      75
      70
      88
      73
      75
      67
      72
      57
      80
      63
      63
      71
      71
      60
      71
      77
      50
      70
      82
      63
      64
      71
      77
      89
      63
      72
      78
      90
      70
      74
      86
      77
      57
      63
      51
      71
      66
      60
      67
      61
      76
      75
      71
      66
      73
      83
      70
      80
      64
      61
      65
      86
      79
      61
      72
      59
      68
      59
      69
      71
      66
      72
      70
      75
      67
      67
      73
      75
      77
      69
      70
      60
      93
      81
      71
      72
      61
      57
      58
      63
      60
      62
      58
      71
      85
      74
      73
      83
      72
      67
      85
      58
      78
      68
      68
      62
      72
      60
      56
      67
      71
      69
      71
      65
      78
      77
      65
      70
      56
      66
      69
      65
      73
      69
      62
      64
      78
      75
      74
      58
      64
      69
      63
      67
      74
      83
      68
      79
      63
      79
      78
      78
      68
      60
      67
      60
      77
      75
      73
      64
      84
      72
      68
      64
      61
      79
      65
      66
      64
      64
      74
      61
      68
      77
      72
      55
      62
      82
      64
      67
      77
      51
      78
      67
      78
      62
      71
      55
      76
      61
      73
      71
      65
      63
      53
      62
      79
      83
      68
      58
      73
      58
      75
      81
      81
      57
      89
      59
      70
      59
      77
      62
      72
      75
      65
      70
      72
      75
      82
      59
      68
      49
      64
      66
      79
      65
      63
      72
      76
      54
      70
      71
      67
      58
      69
      63
      57
      75
      56
      72
      57
      73
      54
      66
      66
      50
      53
      65
      63
      64
      52
      65
      77
      61
      56
      59
      62
      59
      69
      66
      66
      76
      72
      75
      69
      60
      61
      67
      57
      68
      64
      58
      58
      77
      69
      80
      70
      82
      63
      67
      71
      69
      70
      58
      73
      75
      63
      53
      74
      56
      67
      61
      75
      58
      80
      70
      68
      51
      72
      61
      72
      81
      62
      65
      67
      68
      68
      65
      68
      63
      62
      69
      61
      71
      65
      61
      69
      71
      67
      62
      75
      72
      80
      84
      68
      67
      73
      62
      72
      72
      58
      56
      76
      63
      76
      64
      71
      55
      81
      74
      67
      80
     102
      92
     101
      92
      69
      68
      69
      68
      78
      81
      67
      66
      62
      82
      73
      68
      73
      49
      63
      67
      91
      66
      58
      86
      70
      59
      67
      74
      80
      72
      71
      63
      54
      78
      61
      73
      62
      52
      77
      73
      64
      75
      74
      73
      53
      71
      83
      60
      72
      57
      69
      81
      57
      67
      55
      67
      64
      71
      69
      70
      74
      66
      69
      66
      65
      53
      62
      77
      51
      72
      68
      57
      54
      64
      83
      72
      63
      68
      78
      58
      61
      70
      58
      61
      81
      56
      65
      72
      50
      54
      62
      63
      79
      66
      83
      98
      84
     108
      94
      85
      79
      87
      75
      83
      80
      74
      54
      67
      68
      67
      73
      72
      93
      76
      74
     104
     111
     122
     120
     135
     108
     108
      97
      87
      81
      99
      63
      71
      84
      67
      66
      63
      62
      66
      74
      71
      86
      57
      71
      60
      81
      84
      53
      80
      63
      63
      65
      65
      55
      59
      61
      71
      55
      63
      69
      80
      67
      65
      69
      72
      65
      77
      86
      72
      75
     113
     104
     143
     178
     165
     218
     159
     181
     195
     148
     128
     109
      89
      89
      80
      83
      95
      84
      67
      96
      70
      81
      81
      80
      75
      93
      96
      65
      83
      74
      78
      78
      85
      71
      63
      66
      62
      78
      76
      50
      61
      66
      61
      72
      56
      69
      62
      56
      73
      72
      72
      55
      61
      56
      58
      58
      79
      73
      49
      58
      69
      69
      67
      60
      68
      54
      66
      50
      58
      71
      68
      69
      63
      61
      76
      60
      60
      64
      68
      67
      45
      58
      63
      68
      76
      53
      80
      61
      61
      58
      68
      61
      63
      57
      69
      65
      73
      65
      48
      61
      62
      68
      67
      55
      59
      71
      71
      66
      55
      55
      64
      55
      56
      58
      69
      82
      72
      55
      60
      65
      45
      60
      86
      65
      64
      67
      62
      67
      84
      90
      61
      89
      53
      93
      82
      70
      68
      66
      68
      80
      61
      70
      57
      68
      64
      54
      60
      72
      73
      71
      63
      49
      75
      70
      82
      68
      75
      54
      78
      58
      74
      74
      69
      89
      89
      86
     109
     110
      94
      83
      97
      96
      75
      83
      72
      93
      62
      81
      82
      67
      79
      84
      87
      91
     121
     135
     154
     158
     166
     139
     147
     125
     107
      99
     107
      94
      97
      78
      81
      72
      66
      70
      85
      82
      60
      86
      84
      70
      83
      58
      62
      78
      74
      72
      59
      63
      70
      56
      54
      57
      67
      67
      73
      60
      75
      67
      49
      70
      63
      67
      49
      67
      61
      62
      51
      54
      79
      65
      62
      57
      75
      66
      63
      90
      67
      65
      67
      80
      64
      54
      57
      83
      76
      67
      68
      66
      73
      69
      65
      80
      62
      63
      67
      68
      55
      62
      65
      65
      63
      81
      80
      66
      66
      67
      62
      74
      68
      47
      58
      64
      75
      72
      76
      68
      67
      50
      68
      83
      57
      65
      59
      49
      67
      61
      63
      68
      69
      57
      59
      67
      66
      74
      78
      65
      66
      57
      74
      67
      62
      73
      53
      70
      82
      62
      58
      56
      71
      73
      64
      64
      52
      67
      68
      62
      73
      57
      84
      66
      79
      74
      63
      75
      65
      59
      76
      62
      68
      58
      66
      64
      69
      71
      70
      61
      66
      64
      73
      69
      70
      76
      74
      69
      71
      75
      79
      77
      72
      62
      86
      93
      90
      69
      75
      81
      99
      89
      84
      72
      85
      80
      77
      77
      59
      69
      74
      80
      66
      87
      64
      80
      59
      79
      83
      84
      61
      57
      62
      67
      67
      71
      73
      66
      85
      56
      74
      60
      82
      71
      62
      64
      76
      61
      64
      76
      71
      79
     112
      81
      73
      88
      92
      85
      76
      68
      73
      65
      55
      75
      50
      60
      53
      58
      74
      62
      72
      68
      79
      72
      68
      73
      89
      58
      67
      67
      51
      59
      72
      55
      71
      65
      64
      68
      65
      53
      63
      58
      47
      65
      66
      65
      71
      65
      62
      63
      62
      60
      66
      68
      56
      67
      45
      64
      58
      59
      73
      64
      80
      58
      78
      85
     109
     136
     193
     308
     417
     611
     872
    1055
    1373
    1427
    1550
    1519
    1358
    1248
    1028
     817
     682
     537
     429
     399
     346
     322
     289
     269
     293
     261
     234
     236
     199
     184
     189
     172
     154
     163
     117
     106
     126
      95
     107
      84
      67
      65
      50
      65
      64
      55
      59
      73
      51
      57
      77
      72
      69
      58
      59
      56
      72
      57
      51
      52
      61
      54
      67
      47
      59
      58
      64
      52
      53
      66
      61
      65
      60
      59
      55
      60
      62
      50
      68
      58
      71
      65
      53
      54
      68
      58
      59
      61
      63
      79
      63
      51
      64
      55
      72
      59
      68
      58
      59
      60
      62
      66
      73
      51
      63
      70
      78
      59
      53
      58
      67
      65
      74
      56
      50
      61
      57
      62
      51
      50
      61
      57
      50
      64
      59
      57
      62
      59
      52
      60
      61
      53
      53
      66
      46
      45
      49
      63
      56
      59
      50
      60
      69
      55
      52
      62
      60
      51
      48
      47
      54
      58
      67
      68
      50
      59
      57
      61
      56
      59
      61
      75
      73
      52
      44
      62
      48
      62
      85
      65
      68
      77
      87
      81
      99
      95
     109
     107
      89
      84
     103
      88
      72
      69
      74
      58
      64
      74
      69
      61
      72
      58
      56
      59
      55
      64
      69
      71
      63
      50
      62
      41
      67
      63
      61
      42
      55
      54
      53
      47
      56
      81
      61
      54
      52
      51
      42
      63
      62
      70
      60
      56
      51
      61
      52
      67
      56
      66
      51
      55
      60
      66
      70
      43
      45
      56
      53
      57
      54
      69
      54
      51
      53
      48
      52
      51
      56
      60
      53
      62
      64
      51
      49
      60
      55
      42
      55
      47
      57
      48
      65
      58
      42
      51
      51
      50
      44
      63
      48
      61
      55
      50
      52
      58
      50
      55
      63
      61
      64
      57
      66
      59
      59
      62
      75
      51
      57
      58
      55
      50
      51
      60
      64
      42
      51
      45
      63
      71
      54
      53
      54
      43
      53
      48
      63
      62
      63
      48
      58
      53
      66
      73
      62
      50
      58
      64
      62
      47
      47
      50
      62
      62
      58
      60
      58
      64
      59
      68
      52
      62
      44
      65
      55
      53
      67
      64
      69
      68
      73
      63
      66
      70
      69
      65
      61
      67
      68
      71
      60
      68
      58
      66
      72
      65
      64
      42
      67
      55
      70
      65
      59
      67
      55
      60
      61
      46
      58
      59
      61
      63
      64
      56
      53
      50
      64
      65
      63
      53
      53
      58
      63
      61
      57
      65
      53
      49
      66
      62
      59
      53
      71
      58
      65
      73
      66
      47
      67
      64
      59
      63
      48
      63
      52
      46
      75
      65
      38
      57
      70
      52
      57
      54
      64
      63
      63
      60
      55
      63
      51
      69
      49
      47
      61
      66
      64
      54
      56
      67
      63
      52
      55
      60
      64
      59
      63
      58
      55
      51
      53
      58
      64
      66
      55
      48
      53
      55
      64
      50
      71
      57
      50
      65
      61
      57
      57
      61
      54
      60
      78
      65
      70
      54
      60
      80
      72
      56
      78
      78
     166
     195
     189
     237
     331
     373
     457
     440
     496
     457
     414
     377
     320
     258
     202
     189
     158
     145
     133
     131
     129
     124
     103
     106
     118
     105
     105
      88
      95
      99
      99
      94
      96
      99
     101
     109
     105
     109
     105
      89
     101
      97
     108
      85
      79
      92
      78
      70
      61
      73
      71
      62
      57
      69
      68
      60
      61
      51
      63
      55
      72
      67
      62
      59
      76
      62
      63
      63
      59
      56
      51
      63
      49
      63
      69
      60
      55
      51
      56
      57
      59
      60
      56
      57
      58
      53
      44
      50
      53
      65
      49
      63
      62
      44
      51
      61
      61
      63
      42
      56
      41
      59
      52
      61
      73
      59
      44
      53
      48
      49
      42
      73
      47
      54
      56
      50
      57
      54
      67
      48
      57
      52
      62
      56
      39
      50
      61
      53
      59
      48
      52
      60
      60
      33
      64
      58
      48
      60
      58
      51
      66
      58
      54
      58
      54
      55
      49
      61
      53
      49
      56
      57
      50
      66
      48
      51
      63
      61
      63
      62
      60
      54
      55
      52
      59
      56
      56
      53
      49
      60
      77
      73
      51
      49
      45
      61
      52
      53
      44
      84
      59
      54
      64
      71
      53
      69
      59
      59
      57
      62
      51
      51
      53
      59
      52
      40
      60
      56
      51
      51
      72
      54
      45
      53
      40
      51
      44
      56
      43
      44
      48
      52
      44
      43
      44
      44
      47
      47
      43
      46
      53
      45
      47
      47
      52
      42
      45
      53
      60
      48
      46
      46
      51
      41
      58
      47
      43
      45
      48
      51
      37
      40
      40
      49
      49
      39
      31
      37
      50
      43
      46
      44
      44
      42
      48
      36
      56
      37
      48
      50
      42
      44
      44
      33
      41
      36
      42
      39
      45
      39
      47
      40
      53
      47
      46
      63
      56
      62
      72
      81
      79
      80
     106
      89
      90
      52
      67
      77
      59
      56
      54
      72
      53
      56
      57
      48
      43
      58
      51
      43
      28
      50
      33
      53
      34
      42
      51
      42
      51
      33
      49
      53
      62
      61
      65
      69
      63
      66
      56
      73
      53
      61
      51
      47
      44
      42
      43
      64
      44
      49
      46
      40
      39
      50
      44
      44
      49
      46
      52
      45
      54
      39
      58
      52
      33
      41
      43
      45
      44
      40
      45
      39
      55
      46
      55
      53
      45
      44
      54
      46
      42
      43
      42
      46
      42
      45
      42
      41
      34
      39
      52
      35
      42
      42
      56
      29
      42
      47
      43
      40
      38
      41
      35
      39
      36
      40
      38
      49
      28
      39
      48
      27
      48
      40
      39
      42
      38
      39
      43
      43
      51
      38
      38
      36
      39
      46
      47
      33
      33
      42
      36
      39
      30
      48
      46
      32
      41
      38
      40
      35
      40
      41
      43
      30
      42
      43
      38
      36
      38
      46
      33
      33
      43
      40
      47
      33
      29
      32
      39
      28
      36
      41
      45
      42
      42
      35
      31
      36
      44
      37
      48
      31
      30
      39
      36
      43
      33
      33
      45
      35
      34
      27
      36
      36
      41
      39
      38
      39
      25
      37
      35
      43
      42
      34
      31
      38
      40
      49
      40
      31
      42
      32
      40
      28
      38
      28
      26
      46
      38
      40
      26
      29
      39
      32
      30
      45
      40
      36
      34
      38
      38
      54
      46
      59
      64
      76
     111
     172
     232
     325
     504
     660
     834
    1001
    1265
    1368
    1511
    1481
    1362
    1225
    1088
     874
     668
     554
     432
     416
     331
     297
     265
     259
     228
     230
     208
     202
     195
     175
     176
     158
     145
     122
     115
     100
      84
      76
      64
      56
      51
      59
      35
      46
      36
      38
      45
      40
      39
      28
      37
      36
      43
      42
      45
      37
      34
      43
      33
      45
      36
      37
      36
      38
      39
      47
      42
      41
      40
      32
      31
      35
      36
      25
      28
      32
      39
      34
      27
      33
      33
      33
      43
      33
      41
      40
      33
      40
      35
      32
      44
      38
      36
      30
      37
      37
      24
      34
      34
      41
      33
      28
      37
      34
      39
      31
      33
      33
      36
      34
      43
      42
      29
      27
      45
      32
      40
      42
      36
      42
      34
      42
      30
      45
      30
      32
      40
      37
      41
      47
      29
      31
      38
      37
      28
      35
      40
      49
      38
      32
      43
      36
      40
      38
      43
      44
      31
      44
      33
      39
      39
      35
      31
      40
      36
      26
      33
      31
      32
      34
      36
      31
      33
      35
      34
      34
      26
      27
      36
      50
      41
      35
      47
      39
      55
      58
      50
      57
      72
      66
      80
      73
      67
      78
      54
      49
      50
      51
      43
      48
      34
      42
      43
      35
      35
      48
      31
      32
      42
      35
      37
      37
      30
      37
      41
      40
      38
      46
      42
      31
      34
      40
      38
      37
      33
      50
      49
      38
      54
      76
      83
     119
     131
     139
     145
     166
     149
     156
     136
     113
      99
      92
      89
      65
      64
      68
      58
      57
      53
      66
      35
      43
      41
      43
      39
      36
      39
      47
      44
      36
      40
      44
      33
      38
      19
      38
      23
      27
      37
      33
      25
      31
      46
      46
      30
      24
      27
      27
      27
      24
      34
      44
      40
      25
      36
      25
      42
      22
      36
      29
      37
      23
      27
      34
      31
      37
      37
      32
      23
      26
      26
      29
      24
      22
      23
      30
      26
      29
      36
      33
      35
      24
      27
      32
      31
      30
      26
      30
      26
      33
      40
      26
      28
      31
      42
      32
      26
      27
      27
      35
      30
      37
      32
      27
      34
      26
      27
      29
      23
      33
      31
      31
      31
      28
      22
      26
      32
      35
      34
      29
      25
      28
      33
      46
      34
      46
      33
      31
      20
      29
      28
      22
      32
      28
      28
      23
      26
      35
      24
      22
      30
      28
      24
      28
      23
      29
      25
      25
      34
      19
      34
      28
      24
      28
      30
      24
      36
      38
      25
      21
      28
      30
      32
      34
      26
      42
      23
      31
      33
      23
      22
      26
      35
      34
      29
      37
      33
      23
      33
      25
      31
      28
      35
      29
      36
      39
      30
      32
      29
      31
      40
      37
      20
      27
      31
      39
      33
      35
      21
      32
      28
      33
      19
      32
      27
      14
      31
      37
      42
      38
      37
      36
      23
      19
      29
      26
      31
      38
      29
      30
      29
      28
      20
      33
      32
      28
      18
      20
      35
      31
      31
      27
      34
      30
      23
      30
      36
      28
      29
      33
      32
      36
      37
      24
      30
      27
      34
      30
      31
      22
      31
      23
      24
      33
      28
      36
      36
      25
      40
      21
      29
      30
      30
      38
      25
      28
      40
      27
      29
      24
      33
      31
      29
      17
      24
      31
      33
      35
      33
      16
      36
      26
      27
      30
      29
      38
      30
      27
      34
      32
      24
      23
      27
      35
      27
      42
      32
      27
      32
      34
      38
      24
      17
      28
      26
      29
      31
      26
      29
      33
      29
      32
      27
      38
      37
      22
      25
      40
      31
      30
      26
      28
      26
      33
      32
      24
      29
      28
      24
      27
      37
      28
      20
      23
      27
      29
      24
      25
      32
      25
      27
      35
      34
      34
      35
      32
      31
      22
      33
      26
      31
      24
      28
      31
      27
      22
      24
      32
      17
      20
      26
      32
      34
      29
      29
      22
      29
      27
      27
      30
      28
      21
      34
      27
      40
      34
      28
      32
      34
      28
      27
      26
      31
      33
      26
      30
      28
      38
      33
      31
      30
      31
      28
      29
      28
      20
      19
      31
      32
      26
      32
      33
      29
      31
      35
      37
      32
      24
      34
      31
      40
      33
      27
      26
      37
      30
      33
      47
      42
      55
      81
      97
     151
     184
     293
     385
     532
     665
     806
     880
     981
    1031
     994
     891
     768
     673
     525
     453
     377
     305
     269
     239
     223
     238
     218
     208
     221
     216
     249
     272
     256
     255
     262
     253
     220
     183
     141
     167
     117
      91
      91
      79
      70
      66
      44
      53
      52
      38
      44
      46
      43
      41
      28
      55
      30
      42
      32
      33
      32
      21
      30
      35
      26
      34
      15
      31
      23
      38
      38
      33
      25
      24
      27
      30
      27
      27
      30
      33
      23
      28
      31
      33
      32
      28
      32
      30
      21
      16
      27
      33
      37
      32
      27
      28
      26
      17
      29
      28
      35
      20
      27
      40
      35
      35
      23
      37
      22
      24
      20
      27
      28
      29
      33
      28
      27
      30
      34
      22
      32
      28
      30
      27
      32
      29
      26
      32
      26
      34
      45
      37
      38
      38
      48
      43
      55
      59
      73
      69
      99
     126
     178
     263
     376
     506
     637
     856
    1021
    1141
    1194
    1226
    1206
    1114
    1006
     826
     746
     568
     478
     373
     349
     315
     271
     256
     226
     215
     184
     152
     157
     156
     156
     149
     118
     122
     120
      89
      86
      58
      65
      62
      38
      37
      40
      44
      23
      49
      29
      28
      34
      31
      35
      19
      24
      23
      24
      33
      38
      33
      34
      29
      34
      39
      33
      50
      48
      43
      68
      75
      69
      73
      56
      68
      77
      62
      53
      42
      40
      56
      42
      36
      42
      38
      43
      35
      26
      36
      22
      35
      37
      42
      28
      33
      34
      31
      47
      38
      32
      34
      25
      32
      29
      30
      34
      31
      28
      22
      32
      25
      34
      36
      33
      34
      23
      25
      40
      27
      37
      29
      26
      24
      35
      41
      28
      20
      33
      34
      27
      24
      31
      35
      31
      31
      35
      27
      38
      31
      32
      20
      30
      32
      36
      31
      31
      28
      28
      35
      36
      26
      26
      24
      30
      35
      20
      31
      25
      25
      24
      31
      25
      28
      34
      24
      23
      24
      27
      29
      44
      29
      33
      31
      26
      28
      28
      33
      22
      27
      27
      36
      26
      29
      32
      36
      34
      38
      31
      33
      29
      30
      32
      37
      30
      34
      39
      27
      28
      40
      25
      36
      28
      27
      26
      24
      32
      22
      39
      21
      27
      32
      36
      42
      39
      26
      44
      29
      27
      29
      32
      39
      38
      31
      29
      20
      29
      30
      34
      35
      37
      25
      30
      30
      20
      28
      22
      33
      26
      26
      30
      33
      28
      22
      29
      38
      29
      23
      33
      33
      29
      34
      42
      30
      40
      36
      26
      28
      25
      34
      29
      31
      31
      22
      22
      36
      32
      43
      29
      26
      25
      38
      28
      28
      27
      32
      37
      37
      34
      33
      30
      25
      19
      23
      32
      40
      31
      36
      34
      34
      26
      34
      32
      30
      40
      34
      33
      28
      26
      34
      32
      16
      41
      22
      40
      32
      35
      40
      26
      27
      33
      29
      39
      27
      28
      24
      25
      38
      25
      40
      24
      34
      33
      40
      27
      48
      28
      42
      35
      42
      30
      27
      31
      33
      26
      30
      31
      29
      48
      32
      26
      33
      31
      32
      34
      30
      27
      30
      35
      31
      26
      33
      25
      33
      22
      26
      26
      31
      41
      31
      24
      37
      38
      31
      32
      32
      37
      35
      28
      37
      29
      33
      34
      21
      37
      37
      26
      34
      29
      31
      32
      27
      23
      27
      28
      33
      26
      30
      35
      37
      39
      27
      33
      29
      34
      45
      20
      44
      38
      24
      24
      40
      34
      30
      21
      22
      38
      26
      38
      34
      33
      33
      28
      38
      32
      32
      42
      39
      38
      29
      29
      24
      24
      35
      35
      24
      24
      23
      25
      34
      30
      26
      27
      25
      22
      24
      29
      30
      29
      22
      29
      21
      28
      29
      28
      27
      28
      28
      20
      29
      26
      29
      20
      33
      21
      36
      25
      24
      21
      28
      26
      25
      29
      31
      27
      26
      18
      24
      17
      29
      26
      30
      23
      28
      26
      11
      19
      26
      20
      22
      25
      21
      29
      28
      25
      22
      22
      29
      32
      25
      22
      27
      35
      33
      25
      27
      21
      24
      22
      29
      26
      24
      19
      23
      27
      31
      28
      24
      26
      26
      26
      20
      19
      23
      24
      22
      26
      19
      21
      18
      27
      26
      25
      20
      16
      25
      32
      16
      20
      28
      22
      18
      21
      27
      31
      21
      33
      35
      54
      58
      62
      76
     104
     103
     116
     141
     123
     112
     133
      94
      99
      76
      73
      47
      52
      46
      40
      54
      56
      34
      37
      36
      33
      29
      33
      27
      32
      28
      31
      24
      32
      25
      24
      20
      29
      29
      20
      21
      21
      28
      27
      16
      16
      23
      21
      21
      25
      13
      23
      20
      20
      16
      11
      17
      22
      21
      13
      25
      27
      22
      25
      18
      18
      24
      23
      33
      23
      14
      18
      19
      15
      17
      16
      17
      18
      19
      13
      22
      21
      23
      24
      27
      21
      22
      16
      27
      18
      19
      28
      23
      19
      23
      25
      24
      21
      10
      20
      23
      14
      22
      17
      16
      19
      19
      22
      18
      17
      14
      23
      25
      29
      31
      33
      37
      37
      37
      29
      35
      32
      32
      29
      26
      24
      29
      25
      28
      17
      28
      22
      24
      22
      22
      22
      22
      15
      14
      28
      27
      18
      17
      17
      21
      18
      17
      18
      23
      22
      10
      19
      12
      32
      12
      18
      18
      18
      14
      18
      16
      17
      20
      17
      20
      15
      20
      28
      22
      26
      21
      15
      18
      13
      14
      23
      15
      16
      24
      22
      22
      19
      26
      20
      12
      23
      25
      24
      19
      13
      22
      21
      27
      20
      21
      14
      23
      22
      20
      26
      34
      30
      30
      54
      38
      21
      24
      24
      29
      26
      13
      18
      21
      21
      19
      19
      13
      17
      18
      22
      17
       4
      20
      18
      20
      17
       8
      17
       9
      10
      17
      17
      22
       9
      17
      20
      21
      12
      10
      24
      18
      15
      17
       9
      16
      16
       9
      14
      20
      16
      17
       6
      22
      22
      16
      14
      16
      22
      17
      18
      14
      23
      14
      12
      29
      15
      18
      12
      16
      16
       6
      13
      14
      23
      11
      12
      16
      17
      19
      10
       9
      17
      21
      17
      25
      15
      11
      15
      17
      12
      27
      10
      17
      17
      12
      17
      13
      10
      12
       8
      18
      13
      12
      19
      14
      22
      11
      14
      13
      16
      12
      13
      14
      15
      13
      13
      19
      17
      15
      16
      14
      19
      23
      25
      36
      43
      58
      61
      87
      96
     104
     109
     120
     105
     105
      93
      85
      76
      64
      47
      56
      32
      37
      42
      35
      37
      34
      43
      32
      33
      24
      26
      25
      20
      23
      19
      18
      11
      15
      19
      14
      21
      17
      10
      10
      10
       9
      16
      15
      16
      16
      14
      15
      20
       6
      16
      17
      13
      22
      14
      18
      18
      13
      20
      11
      14
      10
      15
      13
      19
       9
      13
      12
      11
      14
      11
      11
      21
      16
       8
      13
      15
      11
      16
       8
       7
      10
       8
      10
      10
      17
      18
      16
      17
       9
      14
      15
      16
      11
      12
      11
      13
      18
      13
      18
      15
      29
      22
      20
      27
      20
      17
      13
      14
      13
      10
      17
      25
      13
      10
      16
      18
      10
      18
      12
      12
       9
      16
      19
      12
      18
      20
      18
      35
      35
      59
      51
      76
      92
     109
     121
     118
     132
     119
     129
     105
      90
      71
      73
      45
      64
      46
      35
      29
      30
      29
      29
      26
      25
      26
      31
      23
      24
      17
      20
      17
      16
      17
       8
      20
      18
      10
       7
      15
      13
      13
       4
      18
       9
       9
       9
       7
      10
       9
      11
       7
      16
       7
      12
      12
      19
      10
      15
       9
      15
      10
       8
      10
      13
      11
      11
      15
       5
      10
       5
      14
      15
       9
      12
       8
      11
      11
       7
      17
      16
       5
      11
       9
      14
      10
      11
       9
      11
       6
      11
       8
       9
      11
       9
       8
      12
      13
      11
      12
       7
       8
      15
      17
       3
      11
      17
      10
      11
      10
      12
       9
       4
      12
       6
      16
      15
      16
       2
      15
      11
      11
       5
       9
      10
      11
       8
      10
       7
      13
      14
       7
       9
       7
      10
       9
      13
      13
       7
      10
       7
      12
      12
       9
       9
       8
       6
       1
      11
      17
       6
       6
       7
      10
       8
       5
       9
       8
       6
      12
       8
       8
       5
       6
       8
       7
       7
       9
       7
       7
       9
      10
       6
       6
      13
      10
       7
      10
       9
       7
       9
       6
       7
      11
       7
      11
      13
      10
      11
       7
      10
       8
      15
      13
      10
       6
       9
      11
      12
       9
      10
       8
       3
       5
      16
       8
      13
       8
      11
       5
      12
       7
       4
       3
       8
      10
       7
       4
      17
      11
       9
       7
       6
       7
       8
       5
      13
       8
      10
       6
      12
      13
       7
       4
      10
       8
       6
      12
       9
       6
      13
       8
       5
      10
       3
      10
       7
       9
       9
       9
       6
       8
       7
       8
       6
       5
       9
      11
       4
       6
       4
       6
       8
       6
       9
       5
       9
      13
       8
       5
      10
       6
       8
       6
       3
       3
       6
       8
       5
      11
       4
      12
       6
       6
       4
       9
       2
       7
       9
      10
       2
       6
       4
       5
       7
      12
       9
       7
       8
       6
       8
       7
      11
       8
       7
       2
       4
       3
       6
       8
      10
       8
       7
      15
       3
       4
       8
       4
       8
       4
       8
       7
      10
       9
      12
       6
       4
       9
       7
       4
       9
      10
       6
       8
       7
       3
       9
       3
       6
       8
       6
      10
       3
       9
       4
       7
       5
      15
       8
      10
       7
       7
       7
       9
       6
      12
      12
       7
       4
       5
       8
       3
      11
       1
       7
       8
       4
       7
       9
       6
       3
       9
       4
       4
       8
       4
       3
       4
       4
       5
       3
      10
       7
       6
       6
       4
      10
       9
       4
       6
       4
       8
      11
      10
      10
       9
       4
       1
       7
       5
       8
       5
       8
       4
       1
       6
       4
       4
      11
       7
       2
      10
      10
       5
       6
       6
       2
       4
      13
       4
       7
       3
       8
       9
       2
       7
       7
       3
       5
       8
       5
       6
       8
       4
       4
       2
       5
       7
       7
       7
       5
       7
       5
       6
       3
       3
       6
       5
      10
       4
       7
       5
       3
       9
       3
      10
       4
       4
      10
      13
       5
       5
       4
       5
      10
       5
       3
       7
       2
       8
       8
       5
       6
       2
       4
       7
       7
       5
       2
       3
       6
       3
       9
       5
       8
       7
       7
       7
       3
       2
       3
       8
       6
       6
       9
       5
       4
       6
      12
      12
       3
       5
       8
       7
       9
       7
       5
       8
       3
       9
       4
       5
       6
       8
       8
       5
       9
       4
       9
      11
      11
       4
       4
       8
       7
       5
       5
       9
      11
       5
       6
       1
       8
       8
       3
       6
      10
       7
       7
      10
      10
       5
       1
       7
       2
       5
       2
       6
       4
       9
       9
       4
       5
       4
       5
      10
       5
       8
      10
      11
       9
      10
      11
       8
      12
      15
      26
      43
      64
      75
     110
     171
     251
     387
     524
     652
     880
    1046
    1174
    1373
    1478
    1483
    1479
    1308
    1217
    1064
     846
     729
     588
     502
     427
     368
     313
     306
     271
     252
     217
     189
     179
     173
     152
     146
     136
     112
      98
      91
      72
      63
      59
      49
      28
      30
      16
      17
      19
      14
      11
      10
       8
       8
      11
       9
       6
       8
       4
      11
       6
       5
       6
      10
      10
       9
       7
       3
       5
       9
      10
       8
       9
       9
      11
       8
       7
       5
       2
       7
      14
       9
       4
       7
       5
       4
       5
       6
       7
       8
       7
       7
      11
       3
       2
       6
       9
       4
      15
       7
       8
      10
      10
       9
      10
       5
       5
      13
       9
       6
       2
       7
      10
      12
       7
       5
       6
       9
       6
       6
       7
       5
       6
      10
       4
       9
       7
       3
      10
       5
       2
      10
       7
       6
       6
      10
       5
       7
       6
       4
       8
      12
       8
       9
      11
       7
      12
      11
       7
       4
      10
      13
       4
      10
       9
      10
      10
       5
       7
      10
       7
       7
       8
       4
       6
       9
       9
       9
      10
       9
       3
       7
       7
       9
       4
       6
       5
       6
       3
       8
       4
       7
       7
       6
       7
       5
       1
       3
       8
       6
       3
      11
       8
       4
       6
       7
       6
       4
       5
       6
       2
       4
       8
       7
       5
       4
       6
       4
       9
       6
       3
       8
       7
       7
       5
       6
       5
       5
       3
       8
       4
       6
       9
       7
      11
       6
       6
      10
       7
       5
       5
       7
       4
       7
       7
       5
       5
       4
       5
       7
       1
       4
       4
       7
       6
       6
       7
       5
       8
       4
       5
      10
       4
       5
       2
       7
       5
       9
       5
       3
       8
       4
       4
       8
       6
      12
      10
      11
      15
      23
      37
      20
      31
      39
      44
      47
      50
      40
      36
      34
      35
      31
      24
      19
      19
      18
      21
      13
      17
       8
      13
       8
      18
      16
      13
       8
      10
       7
      10
       7
       7
       4
       5
       5
       4
       5
       2
       5
      14
       6
       0
       6
       6
       4
       4
       5
       9
       6
       2
       6
       4
       7
       4
      10
       2
       3
       4
       4
       2
       5
      12
       2
       4
       5
       8
       2
       6
       3
       5
       9
       6
       3
       7
      11
       9
       4
       7
       9
       5
       7
       5
       4
       7
       5
       6
       6
       2
       7
       5
       2
       1
       6
       2
      10
       7
       4
       5
       7
       2
       4
       4
       5
       1
       7
       5
       5
       5
       7
       2
       2
       2
       7
       6
       1
       2
       6
       3
       5
       2
       3
      10
       3
       7
       3
       1
       6
       7
       8
       1
       8
       4
       8
       4
       2
       5
       4
       5
       6
       6
       1
       3
       5
       3
      10
       5
       1
       4
       9
       5
       3
       8
       6
       2
       4
       7
       2
       4
       4
       4
       7
       4
       2
       5
       4
       3
       4
       3
       5
       2
       8
       6
       4
       4
       5
       8
       2
       4
       3
       3
       4
       4
      12
       5
       7
       6
       4
       4
       3
       1
       4
       6
       7
       4
       6
       7
       3
       7
       6
       6
      10
       6
       9
       5
       7
       6
       3
       5
       3
       5
       9
       3
       0
       4
       1
       3
       6
       5
       4
       3
       5
       4
       3
       2
       4
       3
       5
       5
       2
       3
       5
       4
       6
       7
       1
       6
       7
       3
       4
       8
       2
       4
       5
       4
       3
       4
       6
       8
       4
       5
       5
       2
       4
       7
       4
       7
       4
       5
       4
       4
      10
       5
       4
       5
       3
       5
       0
       4
       8
       5
       6
       6
       8
       4
       6
       3
       7
       6
       6
       8
       6
       7
       5
       2
       5
       4
       3
       2
      10
       8
       4
       7
       4
       6
       3
       7
       4
       4
       5
       3
       4
       2
       5
       2
       7
       6
       3
       6
       5
       6
       5
       2
       7
       2
       3
       2
       1
       3
       9
       9
       4
       7
       3
       5
       3
       8
       3
       6
       3
       3
       4
       4
       4
       6
       5
       7
       6
       1
       4
       1
       5
       6
       5
       2
       3
       9
       4
       6
       3
       6
       4
       5
       7
       5
       4
       5
       5
       4
       6
       4
       6
      11
       5
       6
       6
       5
       5
       5
       6
      10
      10
      13
      15
      31
      24
      25
      25
      20
      23
      40
      33
      42
      49
      37
      37
      38
      52
      34
      36
      32
      26
      22
      23
      20
      26
      14
      15
      15
       5
       8
      10
      12
       7
       5
      18
       6
       5
       6
       9
       7
       5
       4
       4
       4
       3
       1
       4
       6
       6
       2
       3
       4
       2
       3
       1
       2
       2
       4
       3
       2
       3
       4
       3
       1
       3
       3
       2
       0
       3
       4
       3
       4
       4
       2
       5
       3
       2
       6
       1
       3
       0
       1
       0
       3
       1
       1
       2
       7
       2
       4
       4
       4
       1
       5
       6
       2
       2
       1
       1
       5
       3
       4
       2
       1
       2
       2
       2
       2
       2
       5
       2
       2
       1
       2
       2
       3
       2
       3
       7
       3
       3
       3
       2
       1
       2
       4
       3
       5
       3
       0
       4
       3
       7
       4
       5
       0
       1
       2
       4
       0
       1
       4
       1
       3
       4
       5
       1
       1
       4
       4
       5
       1
       2
       1
       1
       4
       4
       2
       6
       7
$ROI:
0
$PRESETS:
Real Time
300
0
$ENER_FIT:
1.185777 0.187465
$MCA_CAL:
3
1.185777E+000 1.874650E-001 0.000000E+000 keV
$SHAPE_CAL:
3
0.000000E+000 0.000000E+000 0.000000E+000
