$SPEC_ID:
No sample description was entered.
$SPEC_REM:
DET# 8
DETDESC# Detector #8 - 80% HPGe (Matchmaker MCB 1)
AP# Maestro Version 7.01
$DATE_MEA:
10/22/2025 14:46:04
$MEAS_TIM:
220 300
$DATA:
0 8191
       0
       0
       0
       0
       0
       0
       0
       0
       0
       0
       0
       0
       0
       0
       0
       0
       0
       0
       0
       0
       0
       0
       0
       0
       0
       0
       0
       0
       0
       0
       0
       0
       0
       0
       0
       0
       0
       0
       0
       0
       0
       0
       0
       0
       0
       0
       0
       1
       5
      10
      35
     365
     444
     525
     485
     467
     467
     492
     471
     482
     471
     452
     439
     456
     482
     461
     494
     436
     455
     476
     461
     480
     430
     425
     430
     481
     425
     449
     421
     454
     424
     453
     434
     473
     408
     433
     435
     389
     398
     395
     422
     420
     397
     383
     422
     401
     399
     370
     381
     398
     383
     392
     398
     373
     370
     384
     398
     386
     400
     386
     377
     381
     408
     382
     352
     392
     377
     377
     375
     400
     400
     348
     374
     338
     397
     363
     349
     385
     370
     372
     393
     364
     384
     368
     377
     389
     373
     350
     361
     367
     339
     363
     356
     355
     356
     373
     345
     362
     334
     377
     352
     351
     342
     331
     370
     353
     349
     384
     367
     358
     308
     346
     334
     350
     335
     362
     361
     365
     340
     331
     349
     348
     347
     363
     352
     316
     365
     369
     327
     346
     322
     366
     329
     306
     363
     362
     308
     314
     311
     334
     355
     342
     343
     367
     320
     382
     311
     296
     345
     368
     305
     317
     338
     303
     345
     293
     334
     331
     302
     320
     324
     339
     334
     335
     341
     338
     327
     325
     310
     313
     353
     303
     322
     333
     339
     324
     320
     311
     307
     309
     323
     334
     323
     321
     308
     330
     344
     328
     316
     284
     302
     309
     318
     332
     331
     304
     332
     322
     299
     327
     283
     355
     318
     313
     322
     321
     347
     311
     323
     285
     328
     301
     292
     314
     319
     291
     318
     298
     304
     314
     321
     304
     295
     323
     304
     293
     296
     329
     302
     299
     314
     292
     332
     347
     293
     276
     292
     323
     306
     301
     286
     307
     297
     307
     330
     348
     297
     298
     320
     292
     317
     314
     301
     317
     318
     322
     308
     341
     321
     307
     284
     301
     350
     306
     298
     290
     331
     292
     305
     307
     309
     305
     304
     332
     295
     286
     319
     303
     293
     333
     312
     345
     292
     307
     369
     316
     313
     322
     301
     306
     297
     324
     341
     297
     342
     321
     296
     328
     329
     332
     315
     303
     316
     305
     321
     318
     321
     336
     346
     303
     310
     316
     295
     317
     284
     310
     309
     324
     314
     328
     336
     304
     319
     333
     306
     314
     326
     344
     311
     330
     341
     298
     340
     364
     331
     332
     349
     369
     326
     370
     343
     342
     357
     325
     321
     335
     316
     317
     330
     306
     322
     274
     301
     287
     312
     319
     313
     294
     326
     321
     324
     323
     297
     324
     331
     331
     329
     311
     311
     316
     334
     285
     308
     319
     309
     327
     309
     325
     314
     313
     341
     317
     328
     312
     308
     308
     310
     355
     342
     325
     329
     325
     346
     342
     354
     344
     354
     331
     302
     353
     335
     307
     312
     315
     334
     328
     331
     307
     336
     348
     342
     316
     314
     338
     337
     327
     342
     322
     303
     330
     341
     349
     327
     358
     369
     352
     326
     345
     332
     338
     305
     323
     355
     319
     330
     299
     336
     309
     349
     328
     358
     324
     307
     317
     324
     340
     334
     327
     299
     325
     324
     348
     371
     342
     345
     346
     323
     328
     341
     318
     347
     352
     336
     356
     320
     329
     338
     339
     318
     367
     333
     331
     315
     316
     365
     294
     315
     318
     332
     304
     316
     329
     321
     372
     339
     328
     332
     328
     349
     326
     347
     350
     330
     333
     338
     380
     353
     363
     322
     332
     321
     348
     328
     363
     346
     366
     329
     334
     342
     358
     327
     341
     335
     340
     392
     371
     381
     348
     358
     355
     330
     353
     352
     374
     368
     383
     379
     368
     324
     364
     352
     362
     362
     363
     359
     365
     372
     345
     364
     385
     369
     356
     364
     395
     398
     335
     356
     385
     361
     363
     404
     373
     433
     375
     382
     362
     392
     386
     388
     362
     381
     352
     395
     377
     360
     375
     394
     376
     355
     394
     379
     371
     369
     366
     377
     393
     372
     393
     391
     391
     354
     410
     387
     388
     356
     390
     419
     424
     385
     425
     375
     377
     422
     406
     369
     388
     362
     381
     410
     371
     410
     366
     408
     369
     401
     399
     366
     420
     397
     404
     375
     410
     392
     421
     381
     399
     389
     377
     369
     410
     367
     370
     384
     388
     351
     394
     372
     412
     415
     419
     402
     386
     408
     394
     411
     380
     392
     364
     431
     417
     396
     422
     396
     420
     434
     399
     385
     420
     335
     369
     365
     392
     386
     386
     382
     404
     360
     371
     420
     411
     386
     393
     425
     379
     398
     362
     390
     407
     385
     395
     386
     425
     368
     364
     426
     390
     396
     405
     383
     360
     395
     402
     413
     400
     368
     380
     385
     398
     378
     400
     432
     399
     392
     385
     378
     412
     417
     391
     378
     391
     400
     414
     387
     426
     369
     394
     409
     367
     362
     415
     365
     377
     398
     398
     362
     387
     349
     403
     375
     371
     399
     379
     374
     407
     389
     379
     389
     400
     359
     400
     374
     385
     379
     402
     379
     387
     386
     399
     421
     408
     451
     436
     386
     364
     367
     379
     378
     377
     378
     409
     409
     395
     406
     377
     336
     393
     398
     387
     369
     384
     335
     379
     374
     382
     365
     387
     383
     407
     384
     355
     411
     364
     410
     402
     389
     397
     377
     386
     373
     368
     391
     413
     400
     347
     395
     398
     383
     392
     337
     454
     376
     373
     404
     405
     393
     391
     388
     375
     402
     378
     378
     389
     355
     362
     379
     387
     375
     374
     424
     401
     404
     386
     396
     365
     363
     378
     378
     418
     427
     414
     405
     355
     397
     415
     404
     409
     369
     396
     388
     358
     423
     398
     413
     382
     390
     402
     374
     371
     420
     364
     383
     399
     428
     403
     354
     412
     399
     377
     404
     397
     390
     401
     402
     389
     395
     401
     402
     408
     412
     370
     405
     415
     412
     395
     400
     422
     427
     391
     400
     389
     414
     390
     462
     434
     400
     410
     416
     416
     412
     423
     423
     402
     401
     396
     427
     423
     411
     406
     419
     416
     474
     444
     448
     441
     404
     464
     411
     459
     449
     392
     452
     421
     440
     488
     476
     441
     454
     487
     520
     503
     491
     491
     489
     534
     482
     486
     516
     522
     500
     456
     508
     533
     501
     478
     505
     534
     555
     552
     500
     485
     515
     582
     465
     534
     516
     513
     531
     477
     490
     486
     503
     531
     498
     506
     501
     493
     556
     480
     504
     510
     495
     530
     479
     468
     502
     520
     513
     556
     477
     568
     501
     507
     545
     497
     463
     497
     495
     557
     510
     542
     505
     493
     537
     508
     488
     557
     515
     514
     493
     507
     499
     499
     518
     493
     476
     505
     524
     510
     513
     496
     555
     480
     486
     461
     495
     529
     476
     542
     485
     474
     504
     476
     453
     459
     474
     503
     510
     491
     533
     507
     455
     463
     479
     492
     485
     480
     456
     517
     483
     449
     501
     472
     468
     476
     471
     495
     504
     494
     485
     483
     471
     485
     498
     466
     529
     493
     500
     475
     469
     442
     471
     477
     487
     486
     471
     473
     510
     485
     438
     510
     475
     477
     467
     455
     486
     487
     467
     518
     477
     493
     488
     501
     497
     466
     479
     477
     454
     484
     455
     491
     452
     483
     464
     472
     514
     499
     472
     481
     486
     469
     497
     444
     474
     465
     478
     496
     435
     460
     455
     450
     512
     430
     436
     444
     470
     433
     484
     500
     498
     464
     448
     475
     436
     509
     450
     477
     498
     476
     473
     430
     474
     463
     464
     476
     472
     454
     455
     481
     490
     437
     458
     519
     457
     463
     468
     438
     422
     475
     452
     474
     477
     445
     464
     466
     449
     490
     465
     442
     473
     455
     462
     472
     475
     431
     465
     460
     460
     393
     459
     474
     436
     461
     444
     471
     461
     470
     428
     479
     451
     471
     485
     478
     434
     442
     454
     463
     437
     475
     461
     432
     440
     438
     489
     416
     473
     465
     485
     462
     487
     441
     462
     417
     473
     450
     445
     415
     475
     422
     424
     453
     410
     432
     443
     412
     462
     433
     460
     473
     478
     431
     486
     477
     424
     434
     451
     423
     448
     466
     467
     457
     442
     445
     452
     457
     426
     437
     436
     442
     405
     432
     455
     446
     451
     436
     415
     442
     450
     418
     458
     480
     465
     391
     430
     457
     448
     454
     450
     438
     426
     465
     466
     418
     439
     459
     454
     399
     425
     414
     432
     420
     423
     431
     439
     403
     427
     430
     471
     434
     441
     439
     428
     424
     430
     462
     392
     413
     386
     422
     425
     403
     396
     435
     466
     441
     425
     401
     456
     450
     440
     428
     418
     411
     384
     436
     422
     431
     471
     417
     423
     427
     413
     434
     383
     423
     397
     409
     452
     414
     439
     428
     428
     394
     432
     411
     449
     431
     406
     466
     392
     414
     433
     404
     398
     460
     417
     420
     401
     420
     418
     433
     430
     469
     402
     398
     404
     428
     391
     421
     396
     421
     419
     388
     387
     429
     414
     440
     369
     415
     404
     467
     399
     389
     412
     435
     401
     408
     428
     445
     436
     417
     390
     431
     392
     411
     402
     442
     412
     418
     425
     434
     413
     407
     405
     390
     389
     399
     435
     421
     420
     389
     429
     421
     366
     411
     415
     392
     385
     387
     388
     391
     389
     421
     417
     389
     422
     363
     383
     416
     413
     394
     411
     414
     405
     413
     422
     386
     398
     412
     360
     380
     389
     462
     410
     418
     397
     375
     383
     382
     415
     410
     391
     418
     386
     412
     442
     397
     414
     374
     385
     374
     395
     358
     413
     362
     405
     361
     406
     403
     387
     408
     367
     406
     422
     361
     401
     383
     377
     381
     398
     364
     391
     378
     378
     415
     383
     380
     376
     376
     367
     423
     370
     393
     388
     362
     432
     393
     392
     395
     389
     366
     329
     400
     364
     388
     397
     360
     384
     374
     376
     405
     390
     375
     378
     424
     370
     385
     413
     357
     402
     395
     407
     378
     341
     392
     357
     390
     409
     413
     395
     372
     369
     421
     404
     376
     406
     370
     341
     393
     357
     355
     373
     370
     378
     375
     393
     368
     358
     396
     379
     362
     383
     383
     386
     417
     412
     389
     367
     353
     376
     370
     395
     386
     367
     365
     355
     380
     342
     353
     387
     360
     370
     371
     362
     388
     393
     377
     374
     387
     376
     354
     396
     353
     395
     345
     356
     381
     412
     366
     368
     391
     372
     380
     385
     349
     377
     362
     373
     364
     408
     357
     352
     371
     367
     376
     392
     372
     359
     346
     380
     383
     355
     396
     374
     351
     384
     371
     372
     377
     380
     342
     368
     368
     399
     379
     367
     387
     378
     367
     374
     354
     344
     348
     339
     349
     354
     375
     373
     354
     380
     377
     356
     354
     386
     373
     359
     372
     368
     347
     354
     364
     364
     384
     357
     330
     351
     376
     316
     363
     350
     337
     341
     392
     368
     377
     358
     341
     363
     354
     377
     344
     368
     386
     373
     402
     328
     353
     327
     352
     348
     365
     413
     352
     348
     325
     359
     373
     381
     384
     408
     385
     358
     329
     352
     345
     373
     340
     365
     372
     360
     336
     367
     373
     336
     337
     369
     374
     341
     338
     384
     368
     367
     397
     323
     353
     353
     365
     332
     348
     374
     406
     367
     389
     364
     366
     349
     371
     381
     377
     353
     366
     361
     347
     347
     333
     402
     368
     357
     383
     348
     341
     384
     340
     367
     312
     353
     385
     379
     346
     356
     353
     386
     334
     344
     352
     398
     339
     368
     363
     310
     355
     366
     334
     328
     368
     355
     366
     333
     347
     373
     369
     358
     356
     342
     356
     345
     386
     366
     354
     338
     347
     324
     351
     393
     370
     336
     362
     380
     334
     343
     327
     355
     364
     365
     325
     360
     358
     359
     329
     365
     341
     364
     379
     401
     363
     354
     354
     384
     332
     379
     353
     347
     347
     356
     362
     372
     336
     355
     363
     352
     337
     378
     380
     365
     355
     363
     368
     352
     394
     415
     358
     373
     378
     351
     353
     331
     377
     380
     354
     343
     333
     369
     378
     371
     376
     367
     333
     341
     355
     360
     397
     374
     364
     378
     357
     363
     367
     377
     361
     344
     346
     369
     365
     359
     348
     358
     388
     362
     365
     338
     363
     358
     319
     332
     385
     342
     340
     357
     373
     379
     370
     385
     351
     367
     359
     367
     375
     357
     344
     336
     367
     367
     348
     327
     361
     357
     365
     356
     385
     356
     416
     374
     379
     371
     372
     355
     335
     413
     360
     368
     373
     359
     361
     363
     342
     357
     346
     419
     360
     395
     365
     377
     340
     337
     349
     374
     367
     325
     387
     396
     352
     361
     349
     344
     368
     349
     369
     358
     366
     377
     328
     349
     361
     347
     393
     354
     374
     357
     359
     365
     341
     343
     410
     369
     366
     379
     408
     377
     386
     379
     374
     380
     394
     381
     382
     387
     354
     365
     400
     360
     387
     352
     353
     371
     353
     369
     378
     355
     395
     366
     380
     357
     359
     396
     361
     359
     383
     383
     356
     344
     379
     381
     366
     369
     405
     356
     327
     359
     373
     328
     363
     395
     354
     392
     368
     389
     374
     381
     360
     357
     385
     357
     356
     387
     376
     368
     370
     382
     368
     374
     389
     336
     373
     388
     374
     348
     378
     370
     412
     393
     362
     358
     409
     371
     407
     360
     381
     388
     397
     378
     362
     370
     400
     370
     367
     327
     393
     391
     332
     401
     374
     396
     364
     372
     369
     381
     379
     370
     373
     406
     400
     401
     383
     350
     409
     399
     374
     381
     361
     390
     357
     367
     359
     373
     412
     396
     392
     384
     384
     378
     389
     395
     394
     391
     383
     371
     394
     382
     397
     370
     394
     404
     434
     392
     388
     384
     388
     391
     399
     409
     381
     418
     370
     375
     395
     409
     396
     406
     356
     387
     384
     371
     408
     391
     418
     397
     385
     375
     396
     401
     397
     375
     429
     417
     400
     423
     438
     434
     408
     395
     367
     372
     403
     388
     431
     437
     426
     395
     440
     422
     394
     392
     412
     395
     383
     391
     427
     435
     388
     410
     390
     429
     418
     427
     382
     411
     398
     403
     386
     415
     428
     412
     406
     414
     397
     427
     431
     456
     416
     443
     403
     392
     388
     403
     422
     426
     425
     411
     414
     417
     426
     428
     401
     398
     433
     419
     418
     437
     422
     446
     439
     375
     402
     407
     429
     441
     434
     426
     390
     431
     426
     434
     460
     369
     449
     430
     454
     420
     444
     405
     401
     423
     412
     432
     410
     421
     438
     410
     419
     429
     450
     447
     401
     416
     432
     457
     428
     435
     431
     417
     444
     450
     450
     440
     451
     407
     406
     423
     463
     459
     443
     439
     429
     477
     421
     448
     435
     451
     460
     450
     421
     451
     438
     436
     430
     448
     435
     443
     464
     429
     474
     445
     434
     441
     465
     441
     441
     416
     483
     460
     463
     420
     468
     467
     435
     474
     448
     466
     446
     433
     452
     465
     443
     439
     458
     464
     502
     484
     466
     493
     480
     474
     452
     464
     462
     453
     476
     502
     460
     485
     436
     463
     453
     454
     480
     470
     493
     432
     499
     454
     463
     470
     483
     480
     486
     473
     487
     462
     511
     487
     488
     494
     481
     508
     457
     463
     474
     492
     489
     504
     491
     470
     546
     474
     533
     499
     465
     503
     497
     503
     553
     529
     503
     435
     499
     498
     490
     495
     484
     549
     484
     523
     519
     529
     507
     539
     502
     543
     478
     508
     507
     519
     486
     547
     515
     552
     501
     519
     505
     524
     500
     513
     489
     544
     554
     495
     474
     521
     493
     519
     493
     544
     487
     523
     523
     511
     497
     516
     538
     490
     525
     508
     508
     544
     500
     536
     525
     552
     533
     511
     525
     541
     526
     538
     541
     497
     504
     548
     520
     561
     556
     534
     547
     537
     520
     531
     534
     537
     551
     522
     505
     559
     580
     510
     537
     582
     576
     527
     520
     507
     538
     529
     507
     493
     517
     498
     514
     510
     516
     523
     525
     510
     563
     523
     517
     532
     510
     497
     500
     512
     519
     519
     503
     465
     488
     436
     472
     489
     453
     468
     450
     447
     457
     455
     460
     501
     441
     449
     416
     400
     443
     383
     387
     439
     415
     406
     395
     388
     399
     386
     373
     391
     385
     393
     355
     382
     385
     382
     391
     369
     375
     384
     364
     343
     365
     346
     352
     334
     340
     353
     356
     333
     325
     330
     347
     310
     320
     326
     305
     314
     342
     344
     324
     317
     317
     341
     345
     336
     333
     358
     325
     333
     296
     328
     344
     290
     364
     342
     298
     330
     309
     320
     296
     326
     326
     329
     301
     342
     319
     308
     322
     323
     300
     299
     307
     288
     300
     276
     302
     310
     311
     296
     305
     318
     308
     315
     297
     338
     288
     292
     266
     279
     295
     298
     296
     314
     304
     322
     285
     296
     316
     287
     305
     332
     315
     281
     342
     289
     249
     304
     280
     287
     259
     274
     279
     289
     251
     285
     278
     311
     274
     294
     284
     253
     302
     260
     262
     281
     280
     278
     281
     249
     310
     286
     253
     238
     283
     297
     295
     284
     251
     281
     268
     265
     250
     259
     256
     254
     279
     257
     257
     274
     240
     274
     267
     239
     259
     252
     265
     272
     258
     285
     275
     243
     251
     237
     282
     239
     269
     238
     269
     275
     237
     269
     265
     258
     249
     240
     256
     235
     271
     252
     254
     260
     242
     255
     225
     263
     240
     253
     254
     213
     269
     267
     265
     236
     250
     229
     242
     261
     234
     243
     257
     237
     261
     230
     269
     196
     246
     245
     232
     240
     248
     214
     194
     228
     224
     263
     215
     218
     226
     231
     245
     217
     223
     234
     223
     195
     225
     236
     220
     221
     235
     186
     226
     238
     210
     220
     225
     249
     224
     224
     256
     219
     220
     205
     190
     213
     221
     225
     233
     210
     221
     231
     214
     204
     238
     220
     202
     199
     211
     201
     200
     184
     215
     214
     205
     224
     218
     195
     216
     235
     225
     202
     192
     213
     198
     199
     213
     208
     191
     191
     175
     203
     204
     199
     193
     213
     204
     188
     210
     201
     183
     195
     197
     182
     171
     188
     191
     184
     173
     183
     229
     213
     203
     174
     170
     208
     200
     177
     195
     174
     184
     186
     174
     183
     187
     166
     178
     177
     180
     204
     165
     162
     189
     188
     193
     181
     168
     146
     163
     190
     169
     198
     187
     181
     181
     171
     146
     171
     175
     175
     172
     153
     177
     177
     181
     173
     198
     175
     153
     176
     163
     190
     142
     144
     177
     159
     164
     176
     185
     159
     159
     181
     178
     167
     174
     168
     165
     168
     163
     189
     158
     163
     139
     144
     161
     146
     167
     154
     167
     139
     165
     160
     150
     192
     157
     141
     172
     157
     136
     173
     148
     178
     141
     143
     156
     145
     160
     154
     155
     160
     153
     146
     152
     147
     142
     154
     143
     177
     160
     149
     152
     153
     153
     168
     149
     152
     140
     140
     161
     156
     143
     174
     157
     166
     152
     146
     159
     157
     165
     139
     159
     165
     153
     147
     146
     145
     136
     130
     114
     136
     145
     152
     128
     148
     151
     143
     162
     145
     133
     152
     144
     158
     161
     141
     135
     133
     137
     150
     128
     147
     150
     139
     160
     150
     146
     138
     130
     134
     150
     146
     156
     139
     154
     152
     139
     131
     153
     146
     145
     148
     133
     121
     156
     135
     143
     149
     148
     160
     128
     144
     143
     119
     136
     146
     134
     152
     141
     134
     144
     146
     150
     133
     161
     142
     125
     142
     164
     145
     150
     156
     157
     152
     137
     145
     151
     151
     143
     147
     122
     131
     127
     130
     135
     105
     143
     148
     127
     151
     135
     141
     150
     155
     106
     115
     135
     147
     135
     139
     157
     134
     153
     155
     134
     150
     151
     139
     125
     118
     150
     141
     152
     131
     141
     148
     133
     155
     137
     147
     125
     151
     140
     135
     144
     147
     118
     126
     132
     141
     120
     127
     107
     123
     137
     146
     114
     146
     138
     148
     128
     119
     125
     143
     136
     139
     144
     122
     133
     132
     130
     121
     161
     146
     131
     126
     134
     135
     125
     142
     122
     136
     136
     132
     138
     133
     145
     117
     146
     126
     143
     136
     122
     122
     144
     162
     119
     135
     119
     132
     126
     140
     129
     139
     124
     143
     131
     139
     142
     122
     126
     111
     135
     123
     145
     123
     118
     145
     144
     121
     102
     136
     118
     101
     115
     135
     141
     122
     126
     119
     130
     115
     131
     121
     115
     117
     124
     133
     122
     122
     124
     113
     137
     127
     136
     106
     118
     130
      93
     142
     122
     113
     126
     136
     136
     115
     122
     115
     122
     125
     121
     139
     126
     112
     123
     102
     117
     117
     105
     124
     115
     131
     130
     125
     120
     136
     112
     145
     117
     108
     117
     124
     118
     133
     121
     108
     129
     123
     124
     124
     112
     125
     127
     115
     109
     130
     121
     136
     107
     122
     131
     111
      95
     119
     126
     114
     106
     115
     106
     110
     107
     124
     107
     117
     129
     133
     126
     130
     112
     102
     108
     133
     129
     115
     130
     105
     103
     112
     112
     110
     101
     117
     114
     123
     106
     111
     111
     120
     111
     106
     114
     109
     108
     125
     109
      97
      98
     121
     114
     107
     100
      96
     127
     113
     132
     100
     114
     122
     120
     116
     105
     112
     118
     131
     124
     111
     122
     102
     111
     113
     130
     104
     100
     111
      89
     110
     110
      99
     107
     118
     115
     122
      97
     115
      94
     124
      99
      91
     125
      91
     108
     107
     111
     123
     122
     113
     105
     116
     120
     110
     118
     121
     118
     102
     114
     110
     106
     123
     110
     116
     105
     111
     114
     113
     123
     114
     111
     123
     102
     113
     105
     126
      80
     117
     128
      90
     128
     104
     113
      90
      86
     114
     105
     104
     120
     107
     129
     112
     108
     101
     126
     120
     112
     102
      98
     117
     105
     120
     114
     130
     103
     121
     115
     117
     128
     100
     129
     122
     124
     115
     134
     135
     135
     143
     132
     128
     156
     150
     149
     162
     183
     157
     166
     152
     183
     185
     197
     197
     216
     253
     265
     261
     291
     298
     304
     327
     381
     450
     452
     511
     588
     613
     699
     735
     844
     901
     991
    1084
    1191
    1279
    1461
    1440
    1546
    1660
    1797
    1935
    1943
    2080
    2299
    2373
    2496
    2669
    2933
    3027
    3234
    3354
    3671
    3901
    4412
    5077
    6335
    8007
   10479
   13647
   17240
   21249
   24893
   27666
   29127
   28520
   27171
   24440
   21255
   17963
   14723
   11765
    9444
    7433
    5665
    4247
    3094
    2262
    1755
    1354
     915
     777
     558
     492
     392
     348
     299
     300
     251
     284
     254
     217
     235
     216
     221
     201
     191
     215
     215
     230
     193
     189
     179
     198
     178
     203
     189
     169
     165
     207
     175
     173
     173
     181
     141
     158
     173
     156
     151
     153
     146
     138
     169
     140
     123
     131
     142
     147
     157
     175
     149
     145
     145
     155
     173
     147
     146
     124
     118
     137
     133
     117
     140
     159
     132
     144
     139
     131
     157
     106
     127
     146
     142
     133
     132
     129
     138
     119
     135
     142
     117
     133
     131
     130
     115
     127
     126
     102
     143
     114
     126
     134
     132
     142
     126
     107
     132
     105
     120
     131
     139
     141
     119
     126
     128
     129
     125
     110
     112
     126
     131
     130
     106
     125
     113
     128
     144
     133
     115
     107
     107
     100
     118
     130
     116
     128
     133
     127
     113
      95
     110
     114
     128
     119
      99
     120
     107
     139
     126
     125
     121
     113
     110
     129
     121
     101
     109
     112
     104
     117
     107
     110
     117
     100
     117
     104
     106
     132
     132
     118
     123
     137
     109
     108
     110
     113
     107
     129
     101
     108
     120
     120
     129
     112
     102
      92
     118
     123
      99
     116
     110
     120
     108
     136
     110
      97
     113
     116
      95
     100
     111
     107
      88
     107
     127
     123
     110
     117
     127
     107
     113
     107
     115
      98
      97
     124
     104
     112
      95
      96
     106
      83
     134
     118
      98
     109
     113
     104
     129
     111
     122
     114
      96
     107
     110
      97
     107
      97
      97
     107
     111
     100
     131
     105
     102
     101
     121
     115
     112
     112
     107
      94
      87
     104
     115
     125
      97
     118
      97
      97
     100
     106
      97
     103
      84
      88
      84
     119
      97
     102
     106
     115
      79
     101
      88
      87
      94
     108
      88
     102
     105
     107
     101
     101
      94
      91
      92
     102
     103
     100
     109
      94
      77
     108
     100
      88
      95
     111
     102
     111
     100
      98
      89
      86
     109
     122
      84
      82
      95
     113
      89
      87
      93
     101
      78
      78
     124
     112
      94
      97
     119
      93
     102
      72
     100
     100
      87
      95
      95
      96
      92
      89
      99
     111
      81
      90
     100
     106
     102
      93
     111
     105
      97
      92
     113
     106
      85
     101
      76
     102
      98
      96
      95
      93
     112
      95
     101
     104
      92
      91
      89
      91
     104
      99
      94
      75
      95
      95
      95
     113
      87
      93
     100
      99
      87
      93
      89
      91
      73
      84
      81
      83
      89
      90
      82
      93
     104
      98
      83
      87
      94
      91
      80
      79
     104
      88
     100
      95
     122
      79
      97
      85
     106
      83
      91
      83
     108
     107
     101
     104
      82
      87
      83
      84
      87
      90
      90
     112
      88
     110
      69
      90
      92
      91
      83
      87
     102
      94
      97
     108
      98
      92
     110
      82
      97
     100
      90
      95
      95
      90
     102
     103
     107
      95
      95
      84
     100
      84
      79
      85
      95
     109
      83
     100
      86
      77
      80
      84
      92
      88
      96
      94
      94
      89
      96
      73
      74
      68
      92
      82
     100
      74
      87
      91
      81
      86
      86
     103
      88
      73
      75
      85
      92
      78
     100
      92
      93
      80
      92
      83
      93
      84
      95
      91
      86
      83
      80
      85
      92
      91
      82
      95
      78
      93
      83
      96
      75
      76
      79
      94
      77
      85
      85
      91
      95
      92
      69
      78
      97
      94
      94
      76
     100
      68
      86
      84
      89
      87
      86
      82
      97
      95
      86
      99
     102
      82
      90
      79
      88
      82
      78
      79
      88
      73
     104
      95
      78
      80
      88
      78
      83
      88
      91
      88
      97
      76
      73
      82
      85
      87
      70
      78
      98
      81
      68
      69
      76
      73
      82
      76
      87
      82
      74
      88
      89
      79
      74
      77
      64
      79
      94
      83
      87
      76
      83
     104
      66
      73
      84
      60
      82
      73
      84
      63
      72
      82
      83
      89
      69
      97
      85
      79
      78
      98
      69
      68
      99
      68
      64
      74
      83
      80
      76
      77
      70
      84
      87
      62
      76
      74
      71
      67
      83
      79
      76
      78
      73
      67
      79
      68
      70
      87
      86
      77
      81
      68
      79
      81
      85
      74
     103
      69
      69
      99
      78
      70
      68
      75
      70
      65
      68
      60
      77
      68
      87
      80
      68
      78
      76
      79
      77
      77
      83
      75
      71
      86
      69
      52
      73
      68
      77
      67
      76
      62
      85
      75
      70
      93
      72
      82
      90
      70
      67
      79
      78
      73
      56
      70
      84
      81
      69
      89
      77
      74
      71
      86
      79
      54
      72
      61
      84
      69
      92
      70
      86
      74
      69
      73
      69
      91
      99
      71
      86
      74
      65
      71
      80
      73
      83
      75
      91
      81
      96
      71
      74
      83
      83
      85
      68
      83
      83
      69
      73
      82
      97
      71
      86
      84
      72
      85
      63
      87
      74
      87
      92
      71
      65
      84
      77
      71
      80
      62
      62
      89
      79
      87
      87
      94
      83
      74
      91
      86
      81
      80
      74
      86
      79
      73
      84
      74
      79
      84
      73
      70
      78
      58
      87
      83
      78
      81
      67
      79
      82
      65
      81
      71
      83
      71
      90
      73
      79
      81
      86
      79
      79
      84
      68
      84
      88
      86
      73
      73
      72
      81
      82
      69
      73
      75
      82
      82
      90
      71
      68
      62
      81
      81
      64
      66
      71
      77
      65
      89
      81
      79
      81
      94
      93
      85
      75
      71
      83
      85
      79
      67
      61
      65
      66
      75
      75
      77
      85
      82
      81
      76
      72
      59
      70
      69
      66
      59
      69
      67
      71
      79
      81
      74
      71
      76
      81
      62
      84
      57
      75
      73
      60
      68
      80
      62
      65
      66
      63
      69
      92
      62
      81
      76
      79
      79
      72
      73
      69
      70
      64
      67
      65
      62
      77
      86
      66
      74
      67
      77
      80
      63
      71
      46
      69
      66
      88
      51
      70
      67
      74
      75
      61
      68
      56
      56
      84
      75
      61
      84
      70
      71
      66
      75
      73
      66
      59
      80
      82
      73
      69
      68
      66
      73
      75
      75
      69
      78
      67
      86
      73
      64
      71
      79
      72
      76
      66
      73
      66
      78
      76
      75
      74
      61
      56
      64
      72
      65
      75
      79
      72
      80
      67
      75
      59
      74
      59
      70
      74
      67
      65
      69
      67
      62
      72
      80
      78
      61
      61
      69
      56
      63
      57
      69
      71
      71
      62
      67
      61
      66
      82
      84
      74
      70
      78
      82
      70
      74
      69
      60
      71
      67
      64
      60
      81
      56
      76
      62
      65
      68
      70
      65
      69
      67
      71
      68
      72
      68
      74
      78
      66
      65
      66
      70
      70
      56
      63
      71
      57
      63
      71
      77
      57
      73
      71
      68
      69
      65
      65
      74
      59
      78
      65
      58
      67
      49
      59
      55
      59
      66
      68
      78
      71
      71
      85
      73
      67
      57
      61
      62
      76
      82
      68
      58
      66
      55
      71
      81
      64
      69
      63
      55
      61
      70
      64
      74
      59
      66
      58
      64
      62
      65
      59
      62
      59
      51
      60
      71
      53
      55
      59
      62
      55
      68
      72
      57
      53
      63
      59
      58
      62
      60
      59
      48
      55
      54
      56
      69
      57
      56
      58
      70
      61
      57
      63
      63
      72
      53
      47
      66
      68
      48
      66
      57
      56
      60
      65
      52
      48
      55
      59
      80
      66
      58
      52
      54
      75
      63
      60
      60
      69
      53
      62
      53
      65
      48
      55
      47
      55
      67
      74
      51
      51
      52
      51
      54
      63
      59
      53
      61
      54
      49
      43
      65
      41
      60
      54
      43
      60
      46
      42
      61
      52
      57
      67
      55
      53
      45
      67
      60
      53
      54
      62
      60
      62
      50
      65
      57
      49
      56
      65
      48
      54
      61
      57
      74
      56
      76
      55
      56
      43
      56
      56
      62
      66
      52
      66
      53
      59
      64
      51
      45
      51
      48
      54
      65
      62
      57
      66
      49
      57
      56
      54
      53
      62
      58
      60
      44
      39
      44
      57
      58
      58
      60
      62
      47
      51
      51
      51
      68
      56
      60
      63
      44
      63
      48
      61
      64
      50
      44
      55
      62
      67
      58
      50
      49
      52
      57
      59
      59
      49
      47
      51
      50
      59
      58
      49
      59
      50
      56
      61
      51
      52
      51
      50
      65
      60
      42
      59
      48
      34
      48
      52
      49
      67
      56
      51
      47
      54
      51
      45
      39
      51
      45
      51
      64
      49
      53
      50
      45
      51
      53
      63
      60
      42
      57
      52
      53
      43
      47
      59
      51
      58
      51
      54
      45
      52
      48
      51
      55
      42
      45
      48
      57
      38
      52
      52
      47
      54
      54
      54
      49
      51
      57
      49
      61
      49
      55
      59
      45
      58
      58
      44
      54
      43
      49
      47
      54
      58
      58
      30
      46
      56
      54
      53
      50
      57
      51
      45
      46
      47
      50
      46
      51
      53
      49
      61
      47
      44
      53
      40
      43
      39
      46
      46
      44
      51
      45
      45
      55
      45
      52
      43
      41
      48
      55
      49
      49
      56
      53
      58
      52
      44
      53
      49
      44
      58
      49
      44
      52
      33
      47
      35
      56
      48
      55
      41
      51
      52
      47
      49
      47
      54
      35
      47
      53
      60
      45
      44
      61
      50
      49
      49
      42
      49
      38
      49
      41
      51
      49
      53
      48
      56
      51
      45
      59
      54
      51
      38
      42
      52
      54
      28
      39
      44
      43
      56
      42
      49
      43
      51
      24
      42
      53
      47
      43
      50
      40
      48
      51
      42
      45
      33
      43
      47
      57
      38
      37
      59
      47
      56
      49
      39
      62
      58
      45
      49
      43
      46
      47
      36
      63
      43
      49
      45
      46
      53
      40
      49
      39
      45
      43
      42
      51
      40
      39
      43
      54
      44
      46
      63
      44
      50
      42
      37
      47
      42
      47
      56
      56
      40
      38
      38
      46
      39
      40
      34
      42
      34
      45
      47
      37
      36
      49
      33
      51
      35
      34
      46
      41
      42
      51
      40
      46
      48
      43
      45
      43
      41
      43
      51
      43
      45
      31
      34
      31
      49
      52
      33
      42
      42
      40
      44
      43
      50
      50
      43
      36
      46
      43
      53
      39
      44
      40
      40
      38
      39
      39
      49
      46
      41
      56
      38
      46
      37
      39
      37
      32
      45
      34
      50
      45
      31
      34
      41
      47
      40
      42
      36
      40
      42
      48
      41
      44
      41
      54
      47
      47
      45
      44
      50
      40
      45
      45
      38
      45
      41
      56
      38
      30
      32
      37
      54
      29
      46
      38
      46
      49
      43
      34
      31
      44
      39
      43
      25
      57
      38
      55
      35
      34
      42
      42
      35
      45
      36
      52
      37
      36
      33
      41
      35
      47
      31
      45
      30
      47
      47
      52
      35
      42
      55
      38
      37
      56
      33
      41
      30
      43
      36
      31
      44
      35
      29
      33
      38
      51
      34
      28
      34
      24
      44
      38
      48
      25
      39
      40
      50
      33
      41
      34
      46
      36
      36
      31
      29
      53
      31
      37
      41
      43
      43
      38
      42
      41
      45
      36
      39
      44
      39
      43
      33
      45
      43
      42
      28
      44
      40
      36
      40
      40
      40
      27
      37
      43
      43
      39
      33
      40
      32
      33
      27
      32
      38
      34
      40
      46
      41
      34
      30
      40
      40
      36
      28
      42
      42
      34
      52
      38
      37
      45
      42
      40
      40
      39
      38
      38
      40
      34
      43
      37
      30
      32
      27
      35
      39
      37
      44
      52
      37
      42
      34
      44
      38
      36
      40
      31
      42
      36
      41
      43
      31
      36
      36
      48
      35
      37
      38
      34
      39
      31
      39
      37
      37
      49
      29
      34
      36
      41
      41
      46
      41
      34
      43
      35
      41
      31
      36
      31
      40
      43
      27
      35
      43
      40
      25
      34
      46
      42
      36
      28
      37
      32
      36
      27
      40
      30
      38
      34
      37
      32
      28
      43
      35
      37
      39
      36
      41
      36
      35
      33
      38
      32
      34
      29
      44
      35
      35
      43
      45
      40
      44
      33
      39
      38
      39
      33
      30
      30
      35
      39
      35
      32
      43
      30
      38
      38
      33
      38
      46
      43
      31
      33
      45
      38
      23
      37
      35
      30
      22
      34
      40
      46
      40
      46
      32
      35
      40
      31
      37
      31
      36
      37
      31
      39
      33
      24
      28
      40
      26
      28
      37
      37
      29
      29
      28
      27
      25
      34
      30
      35
      37
      32
      38
      37
      36
      25
      32
      39
      27
      35
      50
      31
      51
      14
      35
      33
      35
      41
      41
      28
      40
      26
      26
      26
      29
      42
      32
      34
      26
      36
      25
      31
      30
      40
      39
      34
      38
      27
      24
      45
      41
      33
      38
      28
      38
      35
      39
      32
      37
      35
      38
      32
      28
      26
      29
      25
      28
      34
      38
      33
      26
      25
      33
      40
      28
      25
      38
      32
      40
      33
      27
      29
      41
      32
      33
      35
      37
      41
      37
      25
      40
      34
      28
      32
      39
      38
      34
      32
      40
      43
      26
      40
      30
      31
      31
      45
      29
      42
      39
      35
      36
      28
      38
      32
      41
      31
      38
      32
      29
      42
      32
      31
      30
      29
      40
      29
      38
      30
      33
      29
      29
      39
      24
      29
      37
      31
      24
      29
      31
      36
      37
      24
      25
      36
      34
      37
      43
      34
      35
      29
      32
      23
      28
      37
      24
      18
      30
      32
      32
      25
      39
      38
      35
      35
      35
      30
      38
      40
      25
      40
      26
      36
      40
      34
      43
      25
      29
      27
      27
      30
      24
      30
      40
      45
      27
      35
      44
      35
      37
      37
      27
      28
      23
      32
      38
      39
      34
      32
      31
      28
      27
      40
      39
      31
      32
      37
      29
      31
      14
      29
      37
      28
      31
      26
      28
      16
      23
      24
      30
      34
      33
      36
      36
      30
      21
      33
      20
      45
      29
      39
      33
      33
      33
      37
      36
      37
      30
      24
      31
      37
      30
      22
      27
      29
      33
      34
      37
      43
      25
      26
      26
      22
      31
      29
      30
      32
      27
      34
      31
      29
      37
      30
      37
      22
      30
      25
      26
      36
      30
      36
      23
      37
      26
      19
      33
      26
      28
      31
      28
      30
      30
      32
      33
      30
      32
      41
      37
      41
      26
      39
      27
      22
      36
      34
      34
      34
      34
      26
      30
      27
      30
      33
      31
      26
      35
      29
      30
      25
      35
      26
      28
      31
      29
      31
      34
      32
      35
      27
      30
      24
      21
      34
      23
      25
      28
      32
      27
      33
      22
      37
      33
      40
      25
      30
      19
      25
      26
      25
      21
      33
      24
      31
      26
      29
      24
      28
      27
      24
      26
      27
      22
      32
      29
      26
      23
      23
      34
      33
      31
      28
      38
      35
      23
      31
      31
      17
      27
      28
      38
      35
      31
      19
      23
      24
      35
      31
      27
      28
      37
      25
      29
      24
      19
      32
      30
      32
      27
      23
      33
      36
      22
      27
      20
      30
      32
      33
      28
      36
      28
      29
      37
      29
      29
      33
      25
      17
      23
      24
      34
      33
      32
      28
      28
      43
      21
      25
      21
      31
      28
      23
      28
      28
      24
      34
      32
      41
      23
      27
      30
      26
      36
      30
      18
      27
      28
      24
      28
      27
      31
      26
      28
      28
      37
      29
      22
      25
      31
      28
      21
      29
      20
      27
      15
      33
      27
      39
      26
      21
      28
      24
      21
      27
      38
      23
      33
      29
      27
      24
      33
      24
      32
      36
      24
      37
      25
      30
      25
      14
      18
      22
      25
      30
      27
      27
      26
      22
      31
      28
      33
      30
      29
      27
      22
      36
      17
      27
      30
      34
      24
      22
      23
      27
      25
      19
      26
      27
      20
      23
      19
      34
      29
      32
      28
      32
      27
      32
      21
      22
      21
      24
      28
      26
      27
      26
      22
      27
      27
      21
      21
      26
      25
      24
      26
      24
      30
      21
      23
      21
      22
      37
      21
      26
      23
      28
      23
      19
      26
      26
      27
      23
      23
      17
      20
      27
      29
      24
      29
      26
      20
      18
      22
      25
      28
      31
      23
      28
      23
      26
      35
      19
      22
      25
      20
      19
      22
      12
      25
      19
      29
      20
      12
      26
      21
      14
      20
      27
      25
      29
      25
      23
      22
      22
      22
      28
      21
      21
      15
      28
      18
      31
      23
      25
      21
      19
      22
      22
      27
      21
      25
      19
      20
      23
      17
      20
      21
      28
      26
      16
      19
      22
      15
      22
      23
      21
      19
      29
      22
      18
      18
      22
      11
      24
      22
      16
      14
      25
      17
      17
      16
      19
      19
      28
      18
      14
      23
      25
      18
      16
      23
      21
      11
      16
      15
      20
      22
      26
      11
      20
      15
      13
      19
      21
      23
      23
      25
      25
      17
      18
      17
      13
      21
      15
      24
      21
      20
      14
      22
      18
      15
      24
      21
      19
      13
      23
      20
      24
      24
      13
      16
      19
      20
      23
      18
      16
      18
      11
      10
      23
      19
      28
      18
      28
      15
      20
      15
      15
      18
      18
      24
      21
      23
      22
      18
      17
      17
      21
      13
      19
      18
      13
      17
      19
      13
      19
      24
      15
      13
      17
      12
      19
      11
      20
      19
      16
      20
      14
      28
      14
      27
      17
      27
      18
      16
      17
      20
      24
      15
      17
      12
      20
      19
      23
      20
      19
      24
      13
      11
      21
      21
      22
      20
      28
      15
      15
      18
      16
      14
      17
      15
      22
      17
      23
      16
      21
      17
      23
      16
      17
      25
      11
      22
      15
      30
      19
      20
      14
      22
       7
      16
      21
      11
      20
      16
      17
      18
      18
      13
      21
      20
      17
      26
      20
      19
      10
      16
      13
      20
      11
      11
      13
      19
       8
      21
      18
      19
      21
      18
      18
      21
      16
      12
      10
      16
      19
      14
       5
      23
      17
      13
      14
      27
      13
      13
      24
      18
      13
      20
      16
      25
      15
       8
      22
      12
      15
      18
      12
      17
      17
      25
      13
      25
      19
      17
      28
      14
      20
      13
      22
      26
      10
      15
      15
      12
      23
      15
      15
      20
      17
      14
      15
      16
      11
      14
      13
      15
      16
      16
      10
      14
       8
      15
      16
      15
      11
      11
      20
      13
      15
      12
      12
      25
      15
      18
      18
      11
      12
      27
      20
      25
      12
      21
      26
      19
      17
      13
      10
      19
      12
      24
      17
      15
      16
      17
      14
      13
      18
      18
      13
      18
      17
      18
      27
      19
      12
      21
       9
      14
      19
      14
      14
      16
      11
      10
      22
      22
      23
      15
      21
      18
      15
       8
      24
      22
      14
      17
      16
      24
      23
      10
      10
      18
      10
      16
      14
      21
      11
      26
      16
      21
      16
      13
      13
      15
      18
      16
      11
      16
      17
      13
      20
      14
      21
      20
      19
      12
      15
      20
      19
      18
      17
      15
      18
      16
      12
      13
      21
      18
      16
      13
      20
      10
       9
      15
      12
      13
      21
      16
      10
      14
      14
      17
      17
      12
      14
      21
      17
      20
      18
      17
      17
      15
      18
      15
      16
      20
      12
      11
      12
      21
      11
      10
      13
      13
      13
      16
      17
      22
      14
      15
      13
      28
      16
      18
      19
      12
      19
      19
      22
      15
      16
      16
      20
      14
      20
      10
      12
      14
      21
      19
      10
      13
      18
      15
      11
      21
      15
      17
      13
      20
      15
      15
      12
      20
      13
      21
       9
      18
      14
      16
      10
      19
      12
      16
      19
      15
      14
      14
      15
      14
      21
      13
      20
      10
      13
      16
      16
      14
      13
      10
      18
      15
      13
      18
      16
      24
      15
      12
      19
      11
      18
      11
      20
       8
      10
      15
      13
      11
      14
      19
      17
      13
      15
      14
      16
      11
      17
      28
      12
      17
      12
      23
      12
      10
      14
      16
      14
      25
      20
      12
      12
      18
      16
      15
       9
      10
       8
      11
      21
      15
      21
      19
      14
      26
      13
      16
      22
      12
      15
      18
      11
      17
      14
      20
      22
      11
      16
      14
      17
      21
      13
      18
      17
      12
      16
      18
      19
      17
      18
      13
      15
      17
      11
      17
      20
      15
      18
      15
      25
      14
      15
      19
      13
      16
      13
      17
      17
      17
      14
      22
      20
      17
      15
      14
      15
      14
      18
      15
      18
      15
      10
      20
      19
      21
      16
      23
      20
      13
      22
      18
      15
      15
      14
      17
      14
      18
      14
      13
      14
      19
      15
      13
      17
      15
      20
      11
      20
      16
      14
      15
      20
      18
      15
      11
      10
      11
      21
      14
      18
      15
      18
      19
      13
      15
      15
      11
      10
      22
      14
      18
      12
      13
      22
      26
      17
      18
      14
      23
      19
       9
      23
      14
      17
       9
      13
      12
      22
      24
      21
      18
      13
      19
       9
      18
      20
      15
      16
      22
      16
      18
      12
      18
      14
      23
      21
      13
      18
      14
      20
      18
      17
      12
      19
      18
      22
      17
      15
      18
      19
      11
      18
      17
      17
      15
      19
      10
      21
      27
      21
      16
      18
      17
      14
      13
      18
      16
      27
      14
      12
      15
      18
      21
      22
      23
      22
      13
      25
      21
      16
      24
      20
      28
      15
      19
      12
      22
      18
      27
      18
      15
      17
      18
      13
      14
      15
      13
      13
      18
      15
      25
      16
      21
      19
      23
      14
       8
      16
      16
      21
      18
      17
      11
      19
      21
      13
      17
      16
      26
      19
       9
      24
      19
      15
      17
       9
      21
      18
      19
      18
      12
      19
      12
      17
      21
      10
      18
      19
      16
      16
      15
      27
      21
      14
      20
      14
      14
      17
      24
      18
      19
      16
      25
      23
      22
      17
      22
      17
      21
      24
      22
      18
      21
      22
      21
      24
      19
      25
      23
      15
      18
      27
      17
      16
      28
      26
      23
      22
      17
      17
      20
      24
      19
      23
      14
      23
      28
      18
      23
      23
      22
      24
      21
      21
      23
      13
      30
      21
      20
      20
      20
      21
      17
      20
      20
      16
      27
      29
      23
      22
      20
      22
      20
      24
      38
      33
      18
      26
      20
      24
      21
      25
      22
      34
      31
      24
      24
      27
      23
      36
      30
      28
      23
      33
      27
      27
      31
      35
      31
      35
      23
      27
      30
      29
      26
      31
      32
      40
      38
      44
      30
      33
      24
      45
      45
      33
      33
      33
      30
      54
      35
      40
      32
      33
      36
      42
      43
      35
      34
      33
      48
      37
      48
      38
      40
      47
      47
      36
      61
      38
      48
      44
      68
      54
      58
      63
      69
      66
      62
      51
      55
      39
      43
      45
      32
      30
      28
      22
      26
      13
      12
      13
       7
      10
       7
       3
       5
       5
       8
       6
       6
       8
       7
       7
       3
       3
       8
       4
       5
       8
       9
       7
      10
       4
       5
       1
       7
       5
       6
       9
       4
       8
       4
       6
       5
       5
      11
       5
       3
       2
       5
       2
       8
      10
       6
       9
       4
       5
       6
       5
       2
       3
       3
       3
       6
       4
       3
       1
       6
       6
       4
       4
       4
       5
       6
       2
       1
       6
       7
       2
       4
       3
       5
       6
      12
       4
       3
       5
       5
       4
       7
       6
       4
       5
       4
       4
       7
       6
       5
       6
       6
       3
       4
       2
       5
       5
       7
       2
       1
       3
       4
       4
       3
       5
       4
       3
       4
       7
       2
       1
       1
       4
       2
       4
       5
       2
       8
       5
       7
       8
       7
       6
       2
       1
       6
       4
       4
       4
       4
       5
       6
       3
       7
       6
       5
       2
       8
      12
       1
       7
       2
       1
       8
       7
       3
       1
       4
       4
       4
       6
       4
       4
       4
       2
       6
       3
       4
       4
       3
       5
       7
       1
       4
       3
       4
       2
       3
       5
       5
       5
       2
       5
       2
       1
       8
       7
       4
       8
       1
       6
       2
       2
       5
       2
       7
       7
       6
       5
       2
       5
       3
       2
       4
       4
       3
       7
       2
       4
       4
       3
       3
       5
       3
       2
       9
       6
       4
       3
       8
       8
       2
       3
       4
       6
       5
       5
       1
       2
       2
       7
       2
       6
       5
       4
       3
       5
       4
       7
       2
       5
       3
       2
       1
       3
       1
       5
       4
       4
       5
       3
       5
       4
       6
       5
       1
       3
       5
       3
       5
       4
       3
       2
       4
       7
       3
       5
       4
       5
       5
       2
       5
       5
       2
       6
       4
       2
       5
       3
       3
       3
       7
       1
       4
       6
       5
       3
       3
       6
       4
       7
       4
       6
       3
       3
       8
       3
       2
       5
       2
       3
       8
       3
       2
       2
       3
       5
       3
       3
       4
       1
       2
      10
       1
       3
       2
       1
       2
       5
       5
       3
       4
       3
       4
       4
       3
       1
       4
       6
       3
       2
       2
       3
       1
       5
       3
       3
       1
       7
       2
       3
       4
       4
       3
       2
       5
       2
       4
       5
       2
       7
       4
       3
       4
       4
       5
       8
       7
       3
       7
       3
       2
       5
       2
       4
       3
       4
       3
       6
       2
       3
       5
       1
       5
       1
       3
       6
       0
       0
       3
       4
       9
       2
       0
       3
       1
       6
       2
       1
       7
       3
       3
       3
       1
       0
       5
       1
       5
       2
       1
       1
       3
       3
       1
       5
       4
       3
       3
       0
       1
       4
       2
       2
       3
       3
       5
       1
       3
       5
       3
       4
       2
       3
       4
       0
       2
       4
       5
       4
       7
       5
       6
       2
       4
       3
       5
       4
       2
       6
       5
       3
       5
       4
       4
       4
       3
       7
       2
       5
       1
       4
       4
       2
       5
       5
       3
       2
       4
       2
       4
       3
       1
       1
       2
       2
       1
       1
       5
       0
       1
       2
       3
       5
       2
       7
       5
       4
       0
       3
       4
       2
       3
       1
       2
       1
       4
       7
       3
       0
       4
       3
       2
       2
       4
       2
       4
       4
       2
       4
       3
       3
       5
       2
       2
       3
       4
       2
       2
       2
       1
       1
       2
       0
       6
       0
       2
       2
       3
       2
       3
       2
       4
       0
       5
       4
       1
       0
       6
       6
       7
       3
       5
       1
       3
       2
       2
       3
       3
       3
       3
       2
       3
       2
       4
       4
       2
       6
       2
       2
       1
       3
       3
       3
       0
       3
       3
       1
       1
       3
       4
       3
       3
       2
       6
       2
       5
       3
       1
       4
       2
       3
       4
       1
       3
       0
       0
       3
       4
       2
       2
       5
       5
       0
       3
       2
       5
       3
       3
       2
       4
       8
       3
       1
       2
       1
       4
       2
       3
       0
       3
       5
       0
       1
       3
       5
       4
       2
       7
       3
       2
       1
       2
       2
       2
       4
       3
       5
       6
       2
       6
       1
       4
       2
       2
       4
       5
       1
       3
       5
       3
       3
       4
       6
       2
       3
       2
       2
       4
       1
       4
       0
       3
       1
       2
       4
       3
       2
       3
       1
       3
       1
       2
       3
       3
       6
       2
       4
       5
       6
       3
       4
       2
       1
       4
       1
       2
       2
       4
       3
       1
       9
       3
       5
       2
       2
       2
       4
       4
       1
       0
       3
       3
       0
       1
       4
       4
       1
       2
       2
       1
       2
       1
       6
       4
       2
       4
       4
       2
       1
       2
       3
       1
       3
       2
       1
       5
       4
       2
       2
       0
       0
       2
       2
       5
       5
       4
       1
       5
       6
       2
       3
       2
       1
       2
       6
       2
       2
       6
       5
       1
       1
       4
       0
       2
       3
       7
       1
       0
       1
       3
       3
       4
       0
       4
       2
       3
       3
       2
       2
       2
       1
       4
       2
       5
       1
       1
       6
       3
       4
       3
       2
       3
       2
       3
       1
       2
       1
       2
       1
       3
       2
       1
       2
       1
       4
       2
       0
       0
       3
       0
       2
       0
       2
       2
       2
       2
       1
       1
       2
       0
       2
       1
       0
       2
       2
       3
       5
       2
       6
       1
       3
       3
       2
       2
       0
       0
       2
       2
       1
       3
       2
       5
       4
       0
       2
       1
       3
       2
       4
       2
       2
       3
       3
       6
       5
       3
       2
       6
       2
       1
       3
       2
       2
       2
       2
       0
       2
       0
       0
       2
       5
       2
       2
       1
       4
       3
       3
       3
       2
       2
       2
       2
       1
       1
       4
       1
       6
       2
       1
       1
       2
       0
       3
       4
       2
       3
       2
       4
       2
       2
       1
       4
       0
       5
       4
       1
       3
       4
       4
       4
       1
       1
       1
       1
       1
       0
       1
       3
       2
       2
       3
       4
       5
       3
       1
       4
       0
       1
       0
       1
       2
       0
       3
       1
       6
       2
       2
       3
       2
       2
       5
       4
       2
       3
       1
       3
       2
       1
       2
       2
       2
       4
       3
       4
       2
       1
       4
       0
       1
       0
       0
       1
       2
       2
       3
       2
       2
       2
       0
       1
       1
       0
       2
       2
       1
       2
       2
       3
       1
       2
       1
       0
       4
       2
       0
       3
       2
       2
       0
       2
       2
       1
       1
       0
       2
       1
       1
       1
       1
       0
       0
       4
       1
       5
       0
       5
       1
       1
       2
       2
       1
       1
       3
       1
       1
       1
       1
       1
       1
       1
       0
       8
       2
       2
       1
       1
       4
       1
       0
       0
       4
       2
       1
       5
       1
       3
       5
       0
       1
       4
       4
       1
       3
       4
       6
       1
       2
       2
       0
       0
       2
       2
       4
       0
       4
       2
       1
       3
       2
       1
       0
       3
       3
       1
       2
       4
       1
       1
       2
       1
       0
       4
       2
       3
       2
       0
       3
       3
       2
       3
       1
       3
       3
       1
       1
       1
       2
       5
       2
       0
       1
       0
       3
       1
       2
       2
       1
       1
       2
       0
       2
       3
       2
       2
       1
       1
       4
       3
       3
       1
       3
       1
       4
       2
       4
       3
       2
       4
       0
       1
       2
       4
       0
       3
       1
       1
       2
       1
       3
       2
       2
       1
       0
       1
       3
       1
       3
       4
       2
       2
       2
       1
       2
       0
       1
       1
       3
       2
       2
       1
       3
       2
       2
       3
       3
       1
       0
       1
       2
       1
       0
       3
       1
       1
       5
       3
       1
       4
       1
       1
       1
       1
       1
       1
       2
       1
       5
       1
       2
       1
       2
       2
       4
       0
       3
       5
       2
       5
       2
       0
       4
       2
       0
       0
       1
       3
       1
       2
       3
       1
       2
       2
       1
       2
       2
       1
       1
       2
       2
       2
       2
       2
       1
       1
       2
       2
       1
       0
       2
       0
       4
       3
       0
       2
       4
       1
       3
       5
       1
       0
       1
       2
       0
       1
       3
       2
       3
       1
       2
       3
       1
       1
       2
       0
       1
       2
       1
       1
       2
       0
       1
       2
       1
       0
       1
       1
       0
       1
       1
       5
       2
       3
       2
       1
       3
       3
       3
       1
       1
       0
       2
       4
       3
       1
       1
       1
       2
       3
       1
       1
       1
       1
       1
       1
       2
       0
       1
       1
       3
       1
       0
       1
       1
       4
       0
       0
       1
       3
       3
       3
       2
       1
       0
       4
       1
       2
       1
       1
       0
       4
       2
       1
       0
       0
       3
       0
       1
       0
       2
       2
       0
       0
       3
       1
       3
       0
       2
       2
       0
       0
       0
       2
       2
       1
       0
       2
       2
       2
       2
       3
       1
       0
       2
       3
       1
       1
       1
       2
       1
       2
       2
       1
       2
       2
       3
       1
       0
       1
       4
       2
       1
       1
       2
       3
       1
       2
       1
       2
       1
       1
$ROI:
0
$PRESETS:
Real Time
300
0
$ENER_FIT:
1.185777 0.187465
$MCA_CAL:
3
1.185777E+000 1.874650E-001 0.000000E+000 keV
$SHAPE_CAL:
3
0.000000E+000 0.000000E+000 0.000000E+000
