$SPEC_ID:
No sample description was entered.
$SPEC_REM:
DET# 8
DETDESC# Detector #8 - 80% HPGe (Matchmaker MCB 1)
AP# Maestro Version 7.01
$DATE_MEA:
10/22/2025 14:03:13
$MEAS_TIM:
272 300
$DATA:
0 8191
       0
       0
       0
       0
       0
       0
       0
       0
       0
       0
       0
       0
       0
       0
       0
       0
       0
       0
       0
       0
       0
       0
       0
       0
       0
       0
       0
       0
       0
       0
       0
       0
       0
       0
       0
       0
       0
       0
       0
       0
       0
       0
       0
       0
       0
       0
       0
       0
       0
       0
      33
     516
     688
     636
     645
     632
     629
     618
     567
     605
     584
     619
     540
     605
     545
     536
     585
     553
     560
     551
     530
     571
     527
     512
     511
     487
     539
     513
     498
     504
     475
     485
     541
     477
     519
     481
     447
     447
     467
     450
     442
     437
     454
     421
     413
     459
     406
     422
     407
     457
     452
     445
     446
     432
     453
     404
     428
     426
     438
     392
     408
     389
     412
     393
     426
     421
     395
     388
     380
     438
     380
     338
     393
     372
     376
     382
     393
     389
     381
     347
     357
     393
     377
     353
     369
     363
     360
     340
     369
     360
     365
     353
     344
     352
     348
     327
     338
     333
     364
     345
     392
     358
     368
     350
     382
     378
     344
     347
     333
     369
     352
     337
     332
     311
     320
     342
     353
     341
     374
     320
     352
     334
     302
     314
     344
     303
     376
     311
     348
     315
     312
     313
     312
     358
     293
     312
     334
     330
     335
     302
     326
     327
     307
     331
     362
     311
     325
     276
     308
     353
     302
     324
     335
     283
     324
     279
     305
     274
     318
     323
     289
     311
     304
     294
     308
     307
     324
     307
     319
     296
     268
     287
     295
     289
     282
     288
     316
     284
     288
     291
     310
     295
     287
     292
     302
     301
     313
     283
     286
     307
     268
     315
     313
     286
     292
     298
     303
     301
     317
     314
     253
     291
     319
     318
     287
     276
     299
     261
     292
     309
     284
     266
     287
     302
     272
     272
     270
     277
     261
     295
     307
     288
     336
     295
     288
     312
     323
     363
     343
     335
     352
     347
     318
     279
     305
     300
     293
     304
     306
     286
     297
     310
     312
     305
     293
     308
     294
     303
     315
     303
     309
     292
     302
     279
     322
     312
     283
     312
     278
     318
     309
     329
     313
     329
     313
     298
     330
     319
     319
     334
     326
     312
     354
     323
     347
     326
     328
     343
     347
     341
     355
     390
     352
     399
     374
     373
     369
     402
     356
     370
     386
     386
     397
     405
     382
     390
     398
     374
     412
     369
     415
     385
     389
     394
     419
     433
     424
     391
     422
     426
     408
     391
     380
     403
     446
     393
     429
     401
     425
     426
     405
     401
     427
     473
     436
     468
     458
     429
     452
     431
     438
     465
     444
     424
     467
     461
     494
     487
     517
     483
     497
     502
     461
     544
     500
     497
     524
     532
     503
     463
     582
     545
     534
     520
     547
     547
     578
     575
     530
     535
     537
     615
     622
     722
     754
     875
    1047
    1227
    1488
    1743
    2205
    2951
    4263
    5969
    7580
    8917
    8779
    7779
    6037
    4234
    2834
    1918
    1409
    1238
    1110
    1142
    1099
    1070
     941
     874
     764
     784
     700
     649
     628
     564
     531
     559
     505
     445
     440
     366
     324
     266
     274
     297
     267
     262
     267
     253
     248
     243
     234
     268
     247
     277
     250
     244
     245
     259
     244
     234
     258
     282
     261
     231
     276
     245
     230
     252
     260
     249
     240
     271
     249
     266
     260
     247
     266
     253
     241
     257
     256
     264
     246
     262
     253
     228
     273
     265
     242
     295
     274
     252
     281
     283
     265
     303
     322
     276
     271
     294
     278
     296
     266
     284
     259
     273
     276
     271
     262
     290
     312
     292
     268
     292
     299
     255
     268
     295
     299
     296
     269
     261
     292
     270
     275
     305
     283
     320
     307
     294
     319
     303
     291
     325
     330
     284
     260
     314
     263
     279
     306
     296
     271
     289
     296
     319
     294
     292
     315
     276
     281
     304
     271
     338
     289
     311
     289
     273
     294
     299
     330
     307
     273
     314
     302
     323
     324
     283
     294
     318
     311
     285
     287
     320
     320
     315
     290
     303
     323
     296
     318
     291
     298
     305
     291
     302
     311
     336
     299
     285
     266
     315
     312
     318
     317
     327
     306
     305
     306
     291
     282
     304
     311
     313
     293
     297
     312
     310
     307
     296
     313
     314
     283
     288
     319
     307
     309
     283
     340
     328
     344
     313
     321
     319
     317
     327
     322
     337
     337
     309
     339
     296
     292
     306
     363
     303
     323
     306
     300
     316
     307
     317
     336
     335
     322
     316
     298
     351
     295
     323
     313
     334
     345
     339
     344
     326
     309
     281
     330
     319
     345
     319
     312
     358
     348
     338
     332
     333
     334
     306
     299
     333
     344
     344
     313
     304
     347
     325
     325
     331
     349
     352
     329
     348
     312
     342
     323
     299
     346
     319
     345
     350
     356
     329
     345
     350
     340
     350
     346
     355
     356
     383
     364
     341
     346
     369
     355
     372
     347
     341
     380
     325
     370
     361
     357
     359
     400
     356
     392
     352
     347
     364
     391
     415
     372
     393
     378
     374
     357
     383
     416
     423
     407
     399
     384
     356
     419
     400
     355
     409
     389
     389
     370
     341
     409
     404
     412
     361
     398
     392
     413
     419
     344
     404
     403
     403
     402
     421
     405
     434
     381
     384
     442
     429
     407
     423
     401
     442
     420
     426
     432
     435
     437
     459
     406
     455
     460
     485
     444
     435
     492
     473
     477
     482
     459
     454
     464
     445
     485
     458
     469
     464
     491
     515
     513
     445
     483
     456
     453
     476
     480
     472
     483
     461
     480
     517
     490
     476
     482
     503
     454
     513
     447
     485
     464
     493
     490
     492
     479
     494
     469
     509
     478
     485
     501
     520
     536
     547
     570
     628
     669
     765
     829
     804
     785
     637
     636
     565
     549
     541
     540
     514
     478
     516
     517
     537
     475
     510
     536
     504
     458
     499
     482
     467
     479
     473
     493
     437
     454
     483
     478
     475
     435
     447
     469
     473
     477
     448
     416
     403
     483
     471
     449
     436
     457
     470
     454
     416
     437
     440
     413
     502
     452
     469
     461
     468
     456
     449
     484
     467
     470
     415
     441
     446
     448
     432
     476
     423
     437
     438
     438
     428
     437
     451
     437
     470
     437
     443
     451
     432
     412
     439
     447
     427
     429
     420
     457
     463
     440
     447
     441
     432
     468
     437
     455
     424
     416
     419
     468
     463
     408
     438
     412
     404
     416
     414
     435
     402
     440
     461
     392
     435
     403
     422
     370
     439
     428
     414
     375
     392
     434
     419
     396
     437
     406
     393
     415
     444
     402
     427
     417
     397
     460
     432
     467
     435
     445
     421
     424
     407
     441
     442
     395
     432
     443
     394
     387
     408
     447
     389
     426
     411
     420
     467
     390
     414
     428
     413
     428
     395
     428
     389
     439
     386
     447
     442
     394
     389
     437
     438
     382
     383
     418
     443
     408
     460
     412
     409
     406
     406
     401
     423
     420
     428
     443
     426
     409
     418
     453
     430
     408
     384
     401
     408
     416
     404
     375
     444
     404
     430
     407
     396
     401
     394
     398
     426
     395
     367
     418
     391
     403
     414
     388
     423
     369
     412
     390
     429
     416
     427
     419
     395
     406
     438
     400
     406
     354
     388
     398
     380
     387
     370
     408
     422
     373
     387
     409
     387
     389
     383
     346
     381
     374
     385
     385
     376
     380
     358
     352
     370
     358
     343
     356
     332
     362
     321
     362
     325
     349
     350
     307
     315
     331
     360
     329
     301
     287
     314
     313
     293
     296
     332
     280
     299
     303
     300
     331
     294
     298
     260
     322
     284
     305
     306
     275
     263
     256
     261
     302
     273
     266
     255
     273
     288
     287
     284
     279
     299
     290
     263
     264
     269
     287
     293
     276
     272
     249
     287
     289
     294
     285
     266
     276
     265
     269
     276
     244
     260
     279
     273
     260
     270
     258
     276
     279
     266
     267
     297
     345
     346
     375
     454
     469
     434
     453
     381
     313
     329
     299
     300
     288
     275
     288
     288
     261
     290
     269
     247
     230
     247
     253
     268
     271
     239
     232
     268
     246
     253
     245
     231
     223
     249
     265
     251
     202
     242
     244
     242
     215
     208
     233
     223
     243
     235
     224
     235
     234
     227
     225
     210
     208
     216
     223
     230
     208
     225
     241
     215
     220
     246
     229
     221
     230
     214
     228
     220
     230
     199
     183
     170
     233
     219
     204
     221
     203
     235
     219
     214
     209
     207
     205
     200
     187
     215
     204
     209
     192
     218
     206
     198
     201
     199
     183
     200
     203
     206
     196
     203
     215
     217
     213
     202
     193
     205
     189
     206
     175
     199
     198
     190
     195
     198
     198
     181
     193
     176
     206
     189
     191
     200
     182
     202
     187
     187
     187
     184
     192
     199
     191
     193
     213
     204
     182
     175
     169
     191
     190
     205
     184
     175
     188
     179
     181
     202
     184
     193
     191
     181
     188
     174
     183
     170
     183
     168
     159
     214
     172
     146
     187
     179
     171
     173
     175
     159
     159
     179
     187
     179
     167
     189
     202
     172
     177
     187
     179
     170
     158
     176
     155
     166
     175
     159
     139
     176
     155
     166
     168
     162
     174
     175
     166
     183
     175
     149
     190
     152
     178
     152
     157
     163
     143
     177
     161
     184
     170
     138
     189
     166
     149
     161
     168
     158
     176
     150
     170
     164
     170
     149
     158
     157
     154
     168
     178
     149
     139
     183
     159
     175
     161
     140
     169
     165
     142
     166
     160
     184
     157
     191
     146
     156
     181
     190
     159
     150
     122
     164
     155
     159
     143
     161
     161
     153
     150
     165
     150
     138
     165
     149
     140
     144
     169
     158
     154
     161
     137
     162
     156
     154
     159
     158
     176
     171
     175
     181
     247
     318
     468
     776
    1091
    1646
    2082
    2527
    2771
    2649
    2409
    1832
    1385
     979
     687
     546
     467
     417
     384
     398
     353
     380
     349
     343
     281
     289
     267
     240
     255
     258
     217
     204
     203
     212
     163
     178
     168
     161
     140
     154
     163
     146
     144
     134
     142
     114
     133
     164
     165
     141
     137
     137
     144
     157
     141
     161
     153
     146
     131
     133
     139
     137
     159
     128
     153
     137
     148
     128
     154
     131
     115
     115
     140
     135
     127
     129
     133
     143
     129
     131
     147
     139
     148
     147
     133
     130
     133
     151
     163
     128
     129
     132
     122
     132
     165
     136
     124
     144
     145
     147
     137
     141
     150
     153
     139
     152
     135
     127
     146
     136
     144
     159
     138
     123
     148
     126
     141
     137
     141
     133
     154
     144
     137
     121
     129
     141
     138
     129
     119
     130
     147
     143
     142
     122
     152
     155
     123
     180
     219
     317
     519
     805
    1444
    2325
    3602
    4615
    5922
    6437
    6391
    5688
    4722
    3467
    2364
    1646
    1197
     951
     863
     784
     780
     748
     666
     611
     557
     491
     429
     450
     433
     381
     333
     319
     274
     264
     242
     196
     162
     155
     133
     138
     106
     129
     111
     108
     106
     104
     107
     114
     122
     129
      95
     128
     103
     108
     131
     126
     108
     115
     108
     103
     123
     105
     118
     121
     113
      91
      93
     114
     112
     113
     114
     123
      98
     106
     100
     117
     100
     117
     109
     110
     106
     104
     123
      95
      97
     112
     114
      92
     131
     112
     101
     108
     102
     102
     102
     116
     106
      98
     109
     103
      99
     104
     122
      95
     111
     113
      92
     109
     112
     104
     122
      98
      99
     110
     106
      96
     109
      94
     114
      99
     102
     103
     113
      91
     114
      97
     114
     106
      96
      83
     111
      99
     131
      99
     107
     104
      94
     109
     109
     123
      96
      90
     103
     106
     100
      94
      99
      90
     107
      92
     115
     111
      98
      83
     110
      96
     103
      91
     104
     107
     105
     123
     101
      98
     107
     115
     114
      94
      87
      99
      95
     105
     101
     104
     110
     105
      88
     103
     100
     102
      94
      93
     103
     120
      79
     135
     103
     110
      94
      94
      95
      96
      92
      86
      91
      96
     105
     118
      91
     113
      93
      96
      99
     110
      87
      89
      93
     100
     116
      96
     104
     115
     102
     106
     106
      76
     116
      87
     102
     115
      98
     117
     109
     109
     113
      93
      99
     114
      98
     115
      97
     106
      87
      98
      97
     114
      83
     104
      97
      98
      98
     110
      96
      91
      96
     116
      89
     110
     120
     104
     119
     128
      94
      99
     115
      93
     100
     113
     105
     121
     100
     125
     107
     107
     115
      91
     110
     113
      98
     100
     113
     109
     107
     117
     115
     129
     126
     124
     199
     249
     412
     838
    1658
    2915
    5050
    7972
   11163
   14706
   17682
   19084
   18700
   16157
   12939
    9765
    6805
    4572
    3316
    2686
    2319
    2144
    1942
    1821
    1695
    1548
    1409
    1263
    1093
    1060
     892
     792
     691
     648
     560
     466
     388
     308
     241
     198
     150
     119
      92
      94
     110
      66
      71
      76
      76
      71
      64
      62
      75
      65
      51
      77
      65
      68
      68
      63
      75
      67
      59
      72
      54
      61
      63
      47
      62
      38
      56
      69
      58
      59
      64
      62
      51
      52
      51
      60
      58
      58
      60
      72
      55
      66
      45
      49
      59
      54
      59
      54
      55
      82
      55
      56
      72
      60
      62
      55
      56
      54
      60
      47
      43
      50
      66
      51
      59
      54
      51
      49
      60
      57
      41
      47
      49
      59
      60
      52
      57
      59
      54
      57
      63
      54
      47
      55
      67
      57
      45
      50
      55
      42
      54
      52
      45
      51
      62
      36
      54
      55
      63
      44
      54
      55
      72
      83
      93
     151
     220
     346
     631
     918
    1419
    1924
    2355
    2601
    2788
    2389
    2092
    1614
    1150
     755
     586
     476
     382
     321
     344
     274
     275
     302
     244
     183
     174
     217
     143
     171
     127
     115
     113
      94
      97
      88
      57
      66
      56
      54
      69
      47
      39
      48
      42
      44
      41
      31
      41
      40
      34
      25
      40
      36
      34
      44
      45
      27
      37
      38
      41
      42
      34
      42
      35
      43
      37
      47
      28
      36
      35
      48
      35
      39
      36
      32
      41
      40
      42
      29
      38
      25
      36
      29
      41
      40
      35
      30
      41
      26
      37
      40
      38
      42
      33
      36
      38
      36
      32
      24
      26
      29
      32
      35
      42
      35
      34
      22
      42
      31
      39
      37
      32
      28
      33
      31
      40
      28
      34
      31
      35
      37
      31
      25
      39
      39
      38
      31
      23
      35
      28
      37
      33
      32
      24
      23
      19
      24
      31
      35
      17
      35
      30
      34
      35
      22
      24
      34
      31
      44
      37
      31
      33
      35
      23
      41
      30
      27
      38
      39
      29
      31
      25
      52
      33
      31
      34
      33
      31
      28
      35
      35
      29
      34
      34
      26
      37
      34
      44
      34
      31
      37
      36
      34
      29
      35
      31
      34
      33
      44
      27
      33
      34
      35
      29
      33
      31
      26
      23
      31
      27
      31
      40
      24
      38
      36
      29
      32
      36
      31
      27
      33
      36
      37
      34
      23
      29
      43
      36
      31
      41
      44
      33
      35
      36
      42
      45
      31
      28
      32
      38
      36
      40
      27
      37
      26
      35
      35
      39
      42
      51
      29
      31
      29
      32
      40
      37
      43
      27
      29
      28
      30
      48
      45
      32
      25
      51
      46
      47
      37
      30
      37
      42
      23
      29
      46
      43
      32
      46
      40
      34
      48
      47
      31
      37
      38
      53
      38
      42
      52
      44
      65
      56
      73
      99
     141
     150
     224
     229
     234
     224
     209
     175
     125
      84
      92
      71
      57
      49
      43
      55
      45
      41
      43
      45
      33
      32
      45
      41
      30
      34
      33
      22
      25
      22
      29
      17
      13
      29
      14
      14
      26
      28
      18
      26
      16
      24
      18
      25
      27
      21
      21
      25
      17
      24
      18
      19
      28
      20
      18
      20
      28
      13
      22
      21
      22
      21
      26
      29
      34
      19
      22
      20
      14
      27
      24
      27
      19
      26
      25
      16
      20
      24
      22
      25
      19
      22
      20
      19
      25
      17
      19
      24
      21
      22
      13
      22
      16
      22
      17
      19
      22
      18
      22
      16
      22
      19
      20
      22
      24
      21
      16
      26
      19
      22
      19
      16
      24
      19
      22
      21
      21
      17
      25
      20
      24
      26
      37
      17
      18
      26
      17
      18
      20
      22
      20
      19
      26
      26
      19
      22
      12
      19
       9
      26
      17
      28
      10
      31
      20
      18
      21
      17
      18
      17
      23
      18
      19
      15
      24
      20
      20
      21
      21
      15
      17
      20
      20
      16
      16
      13
      19
      28
      13
      17
      20
      16
      17
      20
      18
      13
      23
      15
      16
      18
      14
      11
      20
      22
      13
      13
      16
      17
      15
      24
      13
      18
      20
      23
      13
      18
      19
      22
      20
      32
      12
      12
      18
      21
      21
      17
      11
      15
      15
      12
      16
      15
      24
      12
      12
      20
      17
      15
      22
      19
      18
      16
      20
      16
      10
      19
      25
      16
      27
      23
      26
      15
      19
      13
      15
       8
      13
       8
      16
      15
      12
      24
      16
      16
       9
      25
      12
      18
      17
      14
      18
      16
      14
      19
      15
      17
      15
      18
      15
      12
      22
      12
      22
      14
      15
      13
      18
      16
      18
       8
      11
      15
      16
      20
      19
      16
      18
       8
      13
      17
      16
      11
       8
      19
      13
      16
      16
      16
      13
      13
      14
      19
      21
      15
      19
      17
      12
      18
      13
      14
      23
      15
      12
      18
      12
      15
      13
      11
      16
      11
       8
      16
      15
      17
      12
      16
      13
      17
       9
      15
      17
      10
      16
      10
      17
      15
      12
      15
      11
       9
      17
      14
      14
      14
       8
      20
      16
      11
      16
       7
      15
      20
      13
      19
      15
      18
      10
      14
      21
      14
      11
      13
      10
      19
      15
      21
      14
      13
      13
      20
       9
      13
      16
      15
      20
       9
      18
      12
      13
      12
      13
      10
      11
      12
      14
      13
       8
      12
      14
      15
      16
      12
      14
      18
      16
      11
      10
      14
      16
      15
      20
      16
      15
       9
      12
      12
      18
      10
      14
      13
      14
      17
      17
      18
      16
      11
       9
      12
      18
       6
      18
      18
      13
      16
      15
      21
      10
      20
      17
      14
      13
      11
      11
      20
      14
      20
      16
      23
      15
      11
      14
       8
      12
      15
      11
      12
      21
      14
      10
      17
      10
      18
      10
      13
       7
      22
      19
      12
      13
      20
      13
      12
      11
      11
      13
      15
       9
      15
      13
       6
       9
      17
      13
      11
      11
       9
      14
      10
      13
      11
      10
      16
       8
      20
      10
      14
      13
      20
      11
      12
      10
      10
      14
      13
      11
      13
      14
      16
      10
      15
      12
      10
      11
      19
       7
       8
       7
      13
      12
      16
      22
       6
      13
      10
      19
      19
      10
      10
      13
       8
       9
       6
      16
      12
       8
      10
       5
      11
      12
      10
      10
       7
      11
       9
      12
      17
      11
      11
      11
       9
      14
      11
      14
       8
       9
      11
      14
       6
      14
       7
       9
      14
      12
      15
      12
      16
      20
      14
      11
      12
      15
       8
       7
      11
      11
      12
      14
       8
      13
      14
      12
      14
      12
      13
      11
       7
      17
      11
      12
      12
       8
      11
      15
       6
       8
      10
      12
       9
      10
       8
       4
      17
      10
      14
       8
      10
      11
       7
      14
      15
      12
      14
       9
       9
       8
      18
      16
      11
       9
      10
      11
       7
       8
       5
      10
       9
      10
       8
       7
      12
      15
      11
      12
      12
      12
       9
       5
       5
       7
       7
       7
      11
       6
      15
       8
      10
      14
       6
       6
      12
      14
      12
       9
       8
       8
       9
      11
      18
      11
       5
       5
       4
       8
      11
       9
      14
       7
       5
       4
      10
      10
      11
       5
       8
      13
       7
       6
      11
       6
      13
       9
      15
       7
       6
      10
       6
       4
       7
      12
      10
      12
       5
       4
       7
       8
      11
      10
      13
       7
      10
      14
       5
       9
       8
       7
       9
      12
       8
       7
       8
       8
      13
       7
       8
       7
       9
       6
      10
       8
      10
       5
       7
      14
       9
      10
       8
       7
      12
      11
      10
      10
       9
       6
      10
      15
       5
      10
       8
       6
       7
       6
       6
       9
      10
       4
       3
       4
       5
       8
      10
       5
       5
       6
       8
       7
       9
      11
      12
       5
      12
       7
      12
      10
       9
      13
       3
       9
      11
       8
       7
      15
       9
       7
       8
      15
      11
       6
       8
       5
       6
      11
      14
       6
       7
       7
      12
      11
       4
       5
      12
       6
       9
       4
       7
      11
      13
      10
       5
       6
       8
       3
       6
       8
       7
       3
       5
      11
       9
       9
       5
       8
       4
       6
       4
       6
       6
       8
       9
      11
       8
       7
      10
       6
       8
       8
       6
       7
       6
       9
       3
       4
       9
       9
      13
       6
       6
       5
       7
       8
       5
      10
       8
       5
       8
       4
       6
       3
       8
       4
      12
       8
       7
       8
       6
       3
       9
       4
       6
       6
       8
       5
      10
       9
       6
       4
      14
       4
       3
       7
      11
       4
       5
       3
      10
       8
       2
       5
       9
       6
       6
       6
       9
      11
       8
      10
       8
       6
       6
       6
       8
       7
      10
       4
       8
       5
       5
       2
      14
       7
       4
       6
       7
       8
       3
       8
      11
       4
       8
       6
       7
       9
      11
       9
       7
       4
      12
       5
      11
      12
      11
       9
       2
       5
       8
       4
       6
       6
       8
       7
       7
      10
       6
       4
       7
      12
       8
       8
       3
      10
       3
       5
       4
       7
      13
       6
       9
       4
       2
       7
       3
       4
       5
       2
       9
       7
       7
       8
       5
       6
       7
       1
       6
       3
      10
      11
       5
       3
       5
       5
       7
       6
       7
       8
       4
       6
       7
       6
       7
       3
       7
       8
       5
       6
      14
       8
      12
       3
       5
       4
       5
       9
       5
       6
       9
       8
       4
      10
       7
       6
       8
       7
       8
       6
       4
       6
      10
       5
       9
       7
       3
       4
       5
       5
       4
       5
       7
       9
       4
       8
       2
       6
      12
      12
       4
      11
       4
       4
       5
       4
       7
       9
       4
       7
       5
      11
       4
       7
       7
       5
       2
       6
       5
       5
      13
       8
       6
       5
      11
      10
      11
      10
       3
       8
       6
       9
       4
       4
       4
       4
       9
       9
       6
       5
      10
       3
       8
       5
       8
       6
      12
       8
       6
       7
       9
       4
       3
       9
       4
       6
       9
       1
       6
       8
       6
       4
       7
       3
       7
       9
       4
       4
      13
      10
       8
       5
       4
       7
      11
       9
       3
       6
       4
       5
       6
       7
       4
       5
       7
       4
       8
       5
       6
       4
       6
       9
       6
       4
       6
       6
       7
      12
       7
       4
       7
       5
       9
       3
       5
       9
       9
      12
       8
      11
       7
      10
       8
      11
       9
       5
       7
       8
       8
       3
       3
       3
       2
       6
       5
       7
       6
       8
       4
       7
       5
       7
       6
       5
       8
       8
      11
       6
      14
       1
       7
       8
       6
       9
       4
       6
       6
      11
      11
       5
       6
       5
       9
       6
       9
       8
       8
      10
       7
       7
       5
      14
       8
      14
       7
      12
      17
      12
       8
      11
       4
       5
      12
       5
      11
       7
       4
       6
       7
       1
       3
       2
       2
       4
       2
       5
       7
       7
       2
       2
       6
       6
       0
       2
       4
       7
       6
       3
       6
       1
       0
       5
       6
       0
       5
       5
       4
       3
       4
       2
       3
       1
       7
       2
       4
       5
       7
       7
       5
       3
       2
       4
       5
       4
       4
       2
       7
       4
       2
       6
       1
       6
       3
       5
       4
       5
       6
       4
       0
       2
       2
       4
       3
       3
       3
       6
       4
       2
       2
       2
       6
       2
       3
       3
       4
       2
       4
       7
       2
       4
       1
       2
       4
       5
       3
       6
       7
       5
       6
       2
       3
       2
       6
       4
       3
       8
       2
       3
       5
       6
       7
       2
       1
       2
       3
       5
       5
       7
       2
       2
       4
      10
       5
       9
       5
       7
       6
       6
      10
       7
       3
       1
       1
       7
       2
       4
       2
       3
       2
       3
       5
       6
       5
       5
       5
       4
       5
       7
       7
       5
       5
       5
       6
       1
       4
       5
       2
       3
       1
       5
       5
       7
       4
       1
       7
       5
       2
       3
       4
       3
       4
       6
       1
      10
       3
       3
       3
       2
       4
       4
       3
       7
       4
       4
       0
       6
       4
       4
       3
       3
       7
       6
       4
       6
       3
       3
       6
       4
       2
       8
       2
       5
       1
       5
       4
       3
       4
       4
       4
       6
       1
       8
       5
       7
       3
       6
       3
       4
       5
       2
       5
       3
       6
       4
       4
       4
       3
       5
       3
       3
       7
       9
       5
       5
       6
       8
       8
       2
       9
       5
       6
       4
       6
       6
       4
       6
       6
       2
       3
       7
       4
       6
      10
       7
      10
       5
       6
       3
       8
       6
       4
       4
       9
       4
       3
       9
       8
       5
       6
       7
       8
      17
      10
      11
       8
       9
       7
      15
       9
       9
       8
      14
       9
       9
       8
       4
       7
       6
       3
       3
       2
       1
       2
       0
       5
       3
       1
       3
       2
       1
       2
       1
       1
       2
       0
       1
       0
       1
       1
       0
       1
       3
       1
       0
       3
       1
       1
       1
       0
       2
       4
       1
       1
       1
       3
       2
       1
       1
       4
       4
       0
       2
       1
       1
       1
       1
       0
       1
       0
       2
       1
       1
       2
       0
       4
       3
       0
       0
       2
       5
       2
       0
       4
       1
       1
       0
       5
       3
       0
       0
       0
       2
       0
       1
       1
       0
       2
       2
       1
       2
       2
       1
       1
       2
       2
       2
       1
       1
       6
       0
       3
       1
       3
       1
       2
       5
       2
       4
       2
       3
       1
       0
       0
       2
       1
       2
       1
       2
       0
       1
       3
       2
       7
       1
       1
       0
       1
       2
       3
       3
       5
       5
       4
       1
       2
       2
       1
       0
       1
       2
       2
       5
       3
       5
       2
       5
       2
       1
       3
       1
       1
       2
       2
       3
       2
       1
       0
       1
       1
       2
       3
       1
       1
       0
       0
       0
       1
       2
       1
       1
       1
       0
       3
       0
       1
       2
       1
       0
       0
       0
       0
       1
       1
       1
       1
       0
       1
       0
       1
       0
       0
       0
       0
       0
       0
       0
       4
       1
       1
       2
       2
       1
       0
       1
       0
       2
       0
       0
       1
       0
       1
       0
       0
       1
       1
       0
       0
       1
       0
       1
       0
       0
       0
       1
       0
       2
       0
       0
       0
       1
       3
       0
       0
       0
       1
       1
       0
       1
       0
       3
       1
       2
       1
       1
       0
       0
       2
       0
       0
       0
       0
       0
       0
       0
       0
       0
       1
       0
       0
       1
       0
       1
       0
       0
       0
       0
       0
       3
       0
       1
       0
       0
       0
       0
       0
       0
       0
       0
       0
       0
       1
       0
       1
       0
       1
       1
       0
       0
       1
       0
       0
       0
       4
       2
       0
       1
       0
       0
       0
       0
       1
       1
       0
       0
       0
       0
       0
       1
       0
       1
       0
       2
       1
       0
       0
       1
       0
       0
       0
       0
       0
       3
       0
       0
       0
       0
       0
       1
       1
       1
       2
       0
       1
       1
       0
       0
       0
       1
       0
       0
       0
       2
       3
       0
       1
       0
       0
       0
       1
       2
       1
       0
       0
       0
       0
       0
       1
       0
       0
       1
       0
       1
       0
       0
       0
       1
       0
       0
       0
       0
       1
       2
       0
       0
       0
       0
       0
       1
       0
       1
       0
       1
       1
       0
       0
       0
       0
       2
       1
       0
       1
       1
       1
       2
       1
       1
       0
       0
       1
       0
       0
       0
       0
       1
       1
       0
       1
       1
       0
       1
       1
       0
       0
       1
       0
       0
       0
       0
       0
       0
       0
       0
       0
       0
       0
       3
       2
       0
       1
       1
       0
       2
       1
       0
       2
       0
       0
       0
       2
       0
       1
       0
       0
       0
       0
       0
       0
       0
       0
       0
       0
       0
       0
       0
       1
       0
       1
       1
       1
       0
       2
       0
       0
       0
       0
       0
       0
       0
       0
       0
       1
       1
       1
       1
       0
       1
       0
       0
       1
       0
       0
       0
       0
       0
       0
       1
       1
       0
       0
       0
       0
       1
       0
       0
       0
       0
       0
       1
       1
       0
       0
       1
       0
       0
       0
       1
       0
       0
       0
       1
       0
       0
       1
       0
       0
       1
       0
       0
       0
       0
       1
       1
       0
       0
       0
       1
       0
       2
       0
       0
       0
       0
       0
       1
       0
       2
       0
       1
       0
       0
       1
       0
       0
       0
       1
       0
       1
       0
       1
       0
       0
       0
       0
       0
       0
       0
       1
       0
       0
       2
       0
       0
       1
       0
       0
       1
       0
       0
       0
       0
       0
       0
       0
       0
       0
       0
       0
       0
       1
       0
       0
       0
       0
       0
       1
       0
       0
       0
       1
       0
       1
       0
       0
       0
       1
       1
       0
       1
       0
       0
       0
       1
       0
       1
       0
       1
       0
       0
       1
       0
       0
       0
       0
       0
       0
       0
       0
       1
       1
       0
       0
       0
       0
       0
       0
       1
       0
       0
       0
       0
       0
       0
       0
       0
       0
       3
       0
       0
       0
       1
       0
       1
       0
       0
       0
       1
       0
       1
       0
       0
       0
       0
       0
       0
       1
       0
       0
       0
       1
       0
       0
       0
       0
       0
       1
       0
       0
       0
       1
       0
       0
       0
       0
       0
       0
       0
       0
       0
       0
       0
       3
       0
       0
       1
       0
       0
       0
       0
       1
       0
       0
       0
       1
       1
       0
       0
       0
       0
       0
       1
       0
       0
       0
       0
       1
       1
       0
       1
       0
       0
       0
       0
       0
       0
       0
       0
       0
       0
       0
       0
       0
       0
       0
       0
       1
       0
       0
       0
       0
       1
       0
       0
       0
       0
       1
       0
       0
       0
       0
       0
       0
       0
       0
       0
       0
       1
       0
       0
       1
       0
       0
       0
       1
       0
       0
       0
       0
       0
       0
       0
       1
       0
       0
       0
       0
       0
       0
       0
       0
       1
       1
       1
       0
       0
       0
       0
       0
       0
       0
       0
       0
       0
       1
       0
       0
       0
       0
       0
       0
       0
       0
       0
       0
       0
       0
       1
       0
       0
       0
       0
       0
       0
       0
       0
       0
       0
       0
       1
       0
       0
       1
       0
       1
       0
       0
       0
       0
       0
       0
       0
       0
       0
       0
       0
       0
       0
       0
       0
       0
       0
       0
       0
       0
       1
       0
       0
       0
       1
       0
       0
       0
       0
       0
       0
       0
       1
       0
       1
       0
       0
       0
       0
       0
       0
       0
       0
       1
       0
       0
       0
       0
       0
       0
       0
       0
       0
       0
       0
       2
       0
       0
       1
       0
       0
       0
       0
       1
       0
       0
       1
       1
       0
       1
       0
       0
       0
       0
       1
       0
       0
       0
       0
       0
       0
       1
       1
       0
       0
       0
       2
       0
       0
       0
       0
       1
       0
       0
       0
       0
       0
       1
       0
       0
       0
       0
       1
       0
       0
       1
       0
       0
       0
       0
       0
       0
       0
       0
       0
       1
       0
       0
       0
       0
       0
       0
       1
       0
       0
       0
       0
       0
       0
       0
       0
       0
       0
       0
       0
       0
       0
       0
       0
       0
       0
       0
       1
       0
       0
       0
       0
       0
       0
       0
       0
       0
       0
       0
       0
       0
       0
       0
       0
       0
       0
       1
       0
       0
       0
       0
       0
       0
       0
       0
       1
       0
       1
       0
       0
       0
       0
       0
       0
       0
       0
       0
       1
       0
       0
       0
       1
       0
       0
       0
       0
       0
       0
       1
       0
       0
       0
       0
       0
       0
       0
       0
       0
       0
       1
       0
       1
       0
       0
       0
       0
       0
       0
       0
       1
       0
       0
       0
       0
       0
       0
       0
       2
       0
       0
       0
       0
       0
       0
       0
       0
       0
       2
       1
       0
       1
       0
       1
       2
       0
       0
       1
       0
       0
       0
       0
       0
       0
       0
       0
       0
       0
       0
       0
       1
       0
       0
       1
       0
       0
       0
       0
       0
       1
       0
       0
       0
       2
       1
       0
       0
       0
       0
       1
       0
       0
       0
       0
       0
       0
       0
       0
       0
       0
       0
       0
       1
       0
       0
       0
       0
       0
       0
       0
       0
       0
       0
       0
       0
       0
       0
       1
       0
       0
       1
       0
       0
       0
       0
       1
       0
       0
       1
       1
       0
       0
       0
       0
       0
       0
       0
       0
       1
       0
       1
       1
       0
       0
       0
       0
       0
       1
       0
       0
       0
       0
       0
       0
       0
       0
       0
       0
       0
       0
       0
       0
       0
       0
       1
       0
       0
       0
       1
       0
       1
       0
       0
       0
       0
       0
       0
       1
       0
       0
       0
       0
       0
       0
       0
       0
       0
       0
       0
       0
       0
       0
       0
       1
       0
       0
       0
       0
       0
       0
       0
       1
       1
       0
       0
       0
       0
       0
       1
       0
       0
       0
       0
       0
       0
       0
       0
       0
       0
       0
       0
       0
       0
       0
       0
       0
       0
       0
       1
       0
       0
       0
       0
       0
       0
       0
       0
       0
       0
       0
       0
       0
       0
       1
       1
       1
       0
       0
       0
       0
       0
       0
       0
       1
       0
       1
       0
       0
       0
       0
       0
       0
       1
       0
       0
       0
       0
       0
       0
       0
       1
       0
       0
       0
       0
       0
       0
       0
       0
       0
       0
       0
       0
       0
       0
       0
       0
       0
       0
       0
       0
       0
       0
       0
       0
       0
       0
       0
       1
       0
       0
       0
       0
       0
       0
       0
       0
       0
       0
       0
       0
       0
       0
       0
       0
       0
       0
       0
       0
       1
       0
       0
       0
       1
       0
       0
       1
       0
       0
       0
       0
       0
       1
       0
       0
       0
       0
       0
       1
       0
       0
       1
       0
       0
       1
       0
       1
       2
       0
       0
       0
       1
       0
       0
       0
       0
       0
       0
       0
       0
       0
       0
       0
       0
       0
       0
       0
       0
       0
       0
       0
       0
       0
       0
       0
       0
       0
       2
       0
       0
       0
       0
       0
       0
       0
       0
       0
       0
       0
       0
       0
       0
       0
       0
       0
       1
       0
       0
       0
       0
       0
       0
       0
       0
       1
       0
       0
       0
       0
       0
       0
       0
       0
       0
       0
       0
       1
       0
       0
       1
       0
       0
       1
       0
       0
       0
       0
       1
       0
       0
       0
       0
       0
       1
       0
       0
       0
       0
       0
       1
       1
       0
       0
       0
       1
       0
       1
       0
       0
       0
       0
       0
       0
       0
       0
       0
       0
       0
       0
       0
       0
       0
       0
       0
       0
       0
       0
       0
       0
       0
       0
       0
       0
       0
       0
       0
       0
       0
       0
       0
       1
       0
       0
       0
       0
       0
       0
       0
       0
       0
       0
       0
       0
       0
       0
       1
       0
       0
       0
       0
       0
       1
       0
       0
       1
       0
       0
       0
       0
       0
       0
       0
       0
       0
       0
       1
       0
       0
       0
       0
       1
       1
       0
       0
       1
       0
       0
       0
       0
       0
       0
       1
       0
       0
       0
       0
       0
       1
       0
       0
       0
       0
       0
       0
       0
       0
       0
       0
       0
       0
       0
       0
       0
       0
       0
       0
       0
       0
       0
       0
       0
       0
       0
       0
       0
       0
       0
       0
       0
       0
       0
       0
       0
       0
       0
       0
       0
       0
       0
       0
       1
       0
       0
       0
       0
       0
       0
       0
       0
       0
       0
       0
       0
       0
       0
       0
       0
       0
       0
       0
       0
       0
       0
       0
       0
       1
       0
       0
       0
       0
       0
       0
       0
       0
       0
       1
       0
       0
       0
       0
       0
       0
       0
       0
       0
       0
       1
       0
       0
       0
       0
       0
       0
       0
       1
       0
       0
       0
       0
       0
       0
       0
       0
       0
       0
       0
       0
       0
       0
       0
       0
       0
       0
       0
       0
       0
       0
       0
       0
       0
       0
       0
       0
       0
       0
       0
       0
       1
       1
       0
       0
       0
       0
       0
       0
       0
       0
       0
       0
       0
       0
       0
       0
       0
       0
       0
       0
       0
       0
       0
       0
       0
       0
       1
       0
       0
       0
       0
       0
       0
       0
       0
       0
       0
       0
       0
       0
       0
       0
       0
       1
       0
       0
       0
       0
       0
       0
       0
       0
       0
       0
       1
       0
       0
       0
       0
       0
       0
       0
       0
       0
       0
       0
       0
       0
       0
       0
       0
       0
       0
       0
       1
       0
       0
       0
       0
       0
       0
       0
       0
       0
       0
       1
       0
       0
       0
       0
       0
       0
       0
       0
       0
       0
       0
       0
       0
       0
       0
       0
       0
       0
       0
       0
       0
       0
       0
       0
       0
       1
       0
       0
       0
       1
       1
       0
       0
       0
       0
       0
       0
       0
       1
       0
       0
       1
       0
       0
       0
       0
       0
       0
       0
       0
       0
       0
       0
       0
       0
       0
       0
       0
       1
       0
       0
       0
       0
       0
       1
       0
       0
       0
       0
       0
       0
       0
       0
       0
       0
       0
       0
       0
       0
       0
       0
       0
       0
       0
       0
       0
       0
       0
       0
       0
       0
       1
       0
       0
       1
       1
       0
       0
       0
       0
       0
       0
       0
       0
       1
       0
       1
       0
       0
       0
       0
       0
       1
       0
       0
       0
       0
       0
       1
       0
       0
       0
       0
       0
       0
       0
       0
       0
       0
       0
       0
       0
       0
       0
       0
       0
       0
       0
       0
       0
       0
       0
       0
       0
       0
       0
       0
       0
       0
       1
       0
       1
       0
       0
       0
       0
       0
       0
       0
       0
       0
       0
       0
       0
       0
       0
       0
       0
       0
       0
       0
       0
       0
       0
       0
       0
       0
       0
       0
       0
       0
       0
       0
       0
       0
       0
       0
       0
       0
       0
       0
       0
       0
       0
       0
       0
       0
       0
       1
       0
       0
       0
       0
       0
       0
       0
       0
       0
       0
       0
       0
       0
       0
       0
       0
       0
       0
       0
       0
       0
       0
       0
       0
       0
       1
       0
       0
       0
       0
       0
       0
       0
       0
       0
       1
       0
       0
       0
       0
       0
       0
       0
       0
       0
       0
       0
       0
       0
       0
       0
       0
       0
       0
       0
       0
       0
       0
       0
       1
       0
       0
       0
       0
       0
       0
       0
       0
       0
       0
       0
       0
       0
       0
       0
       0
       0
       0
       0
       0
       0
       0
       0
       0
       0
       0
       0
       0
       0
       0
       0
       0
       0
       0
       0
       0
       0
       1
       0
       0
       0
       0
       1
       1
       0
       0
       1
       0
       0
       0
       0
       0
       0
       0
       1
       1
       0
       0
       0
       0
       0
       0
       0
       0
       0
       0
       0
       0
       0
       1
       0
       0
       1
       0
       0
       0
       0
       0
       1
       0
       0
       0
       1
       0
       0
       0
       0
       1
       0
       0
       0
       0
       0
       0
       0
       0
       0
       0
       0
       0
       0
       1
       0
       0
       0
       0
       0
       0
       1
       0
       0
       0
       0
       0
       0
       0
       0
       0
       0
       0
       0
       0
       0
       0
       0
       0
       0
       0
       0
       0
       0
       0
       0
       0
       1
       0
       1
       0
       0
       0
       0
       0
       0
       0
       0
       0
       0
       0
       1
       0
       0
       0
       0
       0
       0
       0
       0
       0
       1
       0
       0
       0
       0
       0
       1
       0
       0
       0
       0
       0
       0
       0
       0
       0
       0
       0
       0
       0
       0
       0
       0
       1
       0
       0
       0
       0
       0
       0
       0
       0
       0
       0
       0
       0
       0
       0
       0
       0
       0
       0
       0
       0
       0
       0
       0
       0
       0
       0
       0
       0
       0
       0
       1
       0
       0
       0
       0
       0
       0
       0
       0
       0
       0
       0
       0
       0
       0
       0
       0
       0
       0
       0
       0
       1
       0
       0
       0
       0
       0
       0
       0
       0
       0
       0
       0
       0
       0
       0
       0
       0
       0
       0
       0
       0
       0
       0
       0
       0
       0
       0
       0
       0
       0
       0
       0
       0
       0
       1
       1
       0
       0
       0
       0
       0
       0
       0
       0
       0
       0
       0
       0
       0
       0
       0
       0
       0
       0
       0
       0
       0
       1
       0
       0
       0
       0
       0
       0
       0
       0
       0
       0
       0
       0
       0
       0
       0
       0
       0
       0
       0
       0
       0
       0
       0
       0
       0
       0
       0
       0
       0
       0
       0
       0
       0
       0
       0
       0
       0
       2
       0
       0
       0
       0
       0
       0
       0
       0
       0
       0
       0
       0
       0
       0
       0
       0
       0
       1
       0
       0
       0
       0
       0
       0
       0
       0
       0
       0
       0
       0
       0
       0
       0
       0
       0
       0
       0
       0
       0
       0
       0
       0
       0
       0
       0
       0
       0
       0
       0
       0
       0
       0
       0
       0
       0
       1
       0
       0
       0
       0
       0
       0
       0
       0
       0
       0
       0
       0
       0
       0
       0
       0
       0
       0
       0
       0
       0
       0
       0
       0
       0
       0
       0
       0
       1
       0
       0
       0
       1
       0
       0
       0
       0
       0
       0
       1
       0
       0
       0
       0
       0
       0
       0
       0
       0
       0
       0
       0
       0
       0
       0
       0
       0
       0
       0
       0
       0
       0
       0
       1
       0
       0
       0
       0
       0
       0
       0
       0
       1
       0
       0
       0
       0
       0
       0
       0
       0
       0
       0
       0
       0
       0
       0
       1
       0
       0
       0
       0
       1
       0
       0
       0
       0
       0
       0
       0
       0
       0
       0
       0
       1
       0
       0
       0
       0
       0
       1
       0
       0
       0
       0
       0
       0
       0
       0
       0
       0
       0
       1
       0
       0
       0
       0
       1
       0
       0
       0
       0
       0
       0
       0
       0
       0
       0
       0
       0
       0
       0
       0
       0
       0
       0
       0
       0
       0
       0
       0
       0
       0
       0
       0
       0
       0
       0
       0
       0
       0
       0
       0
       0
       0
       0
       0
       0
       0
       0
       0
       0
       0
       0
       0
       0
       0
       0
       0
       0
       0
       0
       0
       0
       0
       0
       0
       0
       0
       1
       1
       0
       0
       0
       0
       0
       1
       1
       0
       0
       1
       0
       1
       0
       0
       0
       0
       0
       0
       0
       0
       0
       0
       1
       0
       0
       0
       0
       0
       0
       0
       0
       0
       0
       0
       0
       0
       0
       0
       0
       0
       0
       1
       0
       0
       0
       0
       0
       0
       0
       0
       1
       0
       0
       0
       0
       0
       0
       0
       1
       0
       0
       0
       0
       0
       0
       0
       0
       0
       0
       1
       0
       0
       0
       1
       0
       0
       0
       0
       0
       0
       0
       0
       0
       0
       0
       0
       0
       0
       0
       0
       0
       0
       0
       0
       0
       0
       0
       0
       1
       0
       0
       0
       0
       0
       0
       0
       1
       0
       0
       0
       0
       0
       1
       0
       0
       0
       0
       1
       0
       0
       1
       0
       0
       0
       0
       0
       0
       0
       0
       0
       1
       0
       1
       0
       0
       0
       0
       0
       1
       0
       0
       1
       0
       0
       0
       0
       0
       0
       0
       0
       0
       0
       0
       1
       0
       0
       0
       0
       0
       0
       0
       0
       0
       0
       0
       0
       0
       0
       1
       0
       0
       0
       0
       0
       0
       0
       0
       0
       0
       1
       1
       0
       0
       0
       0
       0
       0
       0
       0
       0
       0
       0
       0
       1
       0
       0
       0
       0
       0
       0
       0
       0
       1
       0
       0
       0
       0
       0
       0
       0
       0
       0
       0
       0
       0
       0
       0
       0
       0
       0
       0
       0
       0
       0
       0
       0
       0
       0
       0
       0
       0
       0
       0
       0
       1
       0
       0
       0
       0
       1
       0
       0
       0
       0
       0
       0
       0
       0
       0
       0
       0
       0
       0
       0
       0
       0
       0
       0
       0
       0
       0
       0
       0
       0
       0
       0
       0
       0
       0
       0
       0
       0
       0
       0
       0
       0
       0
       0
       0
       0
       0
       0
       0
       0
       0
       0
       0
       0
       0
       0
       0
       0
       0
       0
       0
       0
       0
       0
       0
       0
       0
       0
       0
       0
       0
       0
       0
       0
       0
       0
       0
       0
       0
       1
       0
       0
       0
       0
       0
       0
       0
       0
       0
       0
       0
       0
       0
       0
       0
       1
       0
       0
       0
       0
       0
       0
       0
       0
       0
       0
       0
       1
       0
       0
       0
       0
       0
       0
       0
       0
       0
       0
       0
       0
       0
       0
       0
       1
       0
       0
       0
       0
       0
       0
       0
       0
       0
       0
       0
       0
       0
       0
       0
       0
       0
       0
       0
       0
       0
       1
       0
       0
       0
       0
       0
       0
       0
       0
       0
       0
       0
       0
       0
       0
       0
       0
       0
       0
       0
       0
       0
       0
       1
       0
       0
       0
       0
       0
       1
       0
       0
       0
       0
       0
       0
       0
       0
       0
       0
       0
       0
       0
       0
       0
       0
       0
       0
       0
       0
       0
       0
       0
       1
       0
       0
       0
       1
       0
       0
       0
       0
       0
       0
       0
       0
       0
       0
       0
       0
       1
       0
       0
       0
       0
       0
       1
       0
       0
       0
       0
       0
       0
       0
       0
       0
       0
       0
       0
       0
       0
       0
       0
       0
       0
       0
       0
       1
       0
       0
       0
       1
       0
       1
       1
       0
       0
       0
       0
       0
       0
       0
       0
       0
       0
       1
       0
       0
       1
       0
       0
       0
       0
       0
       0
       0
       0
       0
       0
       0
       0
       0
       0
       0
       0
       1
       0
       1
       0
       0
       0
       0
       0
       0
       0
       0
       0
       0
       0
       0
       0
       0
       0
       0
       0
       0
       0
       0
       0
       0
       0
       0
       0
       0
       0
       0
       0
       0
       0
       0
       0
       0
       0
       0
       0
       0
       0
       0
       0
       0
       0
       0
       0
       0
       0
       0
       0
       0
       0
       0
       0
       0
       0
       0
       0
       0
       0
       0
       0
       0
       1
       0
       0
       0
       0
       0
       0
       0
       1
       1
       0
       0
       1
       0
       0
       0
       0
       0
       0
       0
       0
       0
       0
       0
       0
       0
       0
       0
       0
       0
       0
       0
       0
       0
       0
       0
       0
       0
       0
       0
       0
       0
       0
       0
       0
       0
       0
       0
       0
       0
       0
       0
       0
       1
       0
       0
       0
       0
       0
       0
       0
       0
       1
       0
       0
       0
       0
       0
       0
       1
       0
       0
       0
       0
       0
       0
       0
       0
       0
       0
       0
       0
       0
       0
       0
       0
       0
       0
       0
       0
       0
       0
       0
       0
       0
       0
       0
       0
       0
       0
       0
       0
       1
       0
       0
       0
       0
       0
       0
       0
       0
       0
       0
       0
       0
       0
       0
       0
       0
       0
       0
       0
       0
       0
       1
       0
       1
       0
       0
       0
       0
       0
       0
       0
       0
       0
       1
       0
       0
       0
       0
       0
       0
       0
       0
       0
       0
       1
       0
       0
       0
       0
       0
       0
       0
       0
       0
       0
       0
       1
       0
       0
       0
       0
       0
       0
       0
       0
       0
       0
       0
       0
       0
       0
       0
       0
       0
       0
       0
       0
       0
       0
       0
       0
       0
       0
       0
       0
       0
       0
       0
       0
       0
       0
       0
       0
       0
       0
       0
       0
       0
       0
       0
       0
       0
       0
       0
       0
       0
       0
       0
       0
       0
       0
       0
       0
       0
       0
       0
       0
       0
       0
       0
       1
       0
       0
       0
       0
       0
       0
       0
       0
       0
       0
       0
       0
       0
       0
       0
       0
       0
       0
       0
       0
       0
       0
       0
       0
       0
       0
       0
       0
       0
       0
       0
       0
       0
       0
       0
       0
       0
       0
       0
       0
       0
       0
       0
       0
       0
       1
       0
       0
       0
       0
       0
       0
       0
       0
       0
       0
       0
       0
       0
       0
       0
       0
       0
       0
       0
       1
       0
       0
       0
       0
       0
       0
       0
       0
       0
       0
       0
       0
       0
       0
       0
       0
       0
       0
       0
       0
       0
       0
       0
       0
       0
       0
       0
       1
       1
       0
       0
       0
       0
       0
       0
       0
       0
       0
       0
       0
       0
       0
       0
       0
       0
       0
       0
       1
       0
       1
       0
       0
       0
       0
       0
       1
       0
       0
       0
       0
       0
       0
       0
       0
       0
       0
       0
       0
       0
       0
       0
       0
       0
       0
       0
       0
       0
       0
       0
       1
       0
       0
       0
       0
       0
       0
       0
       0
       0
       0
       0
       0
       0
       0
       0
       0
       0
       0
       0
       0
       0
       0
       0
       0
       0
       0
       0
       0
       0
       0
       1
       0
       0
       0
       0
       0
       0
       0
       0
       0
       0
       0
       0
       0
       0
       0
       0
       0
       0
       0
       0
       0
       0
       0
       0
       0
       0
       0
       0
       0
       0
       0
       0
       0
       0
       0
       0
       0
       0
       0
       0
       0
       0
       0
       0
       0
       0
       0
       0
       0
       0
       0
       0
       0
       0
       0
       0
       0
       0
       0
       0
       0
       0
       0
       0
       0
       0
       0
       0
       0
       0
       0
       0
       0
       0
       0
       0
       0
       0
       0
       0
       0
       0
       0
       0
       0
       0
       0
       0
       0
       0
       0
       0
       0
       0
       0
       1
       0
       0
       0
       0
       0
       0
       0
       0
       0
       0
       0
       0
       0
       0
       0
       0
       0
       0
       0
       0
       0
       0
       0
       0
       0
       0
       0
       0
       0
       0
       0
       0
       0
       0
       0
       0
       0
       0
       0
       0
       0
       0
       0
       0
       1
       0
       0
       0
       0
       0
       0
       0
       0
       0
       0
       0
       0
       0
       0
       0
       1
       0
       0
       0
       0
       0
       0
       0
       0
       0
       0
       0
       0
       0
       0
       0
       0
       0
       0
       0
       0
       0
       0
       0
       0
       0
       0
       0
       0
       0
       0
       0
       0
       0
       0
       0
       0
       0
       2
       0
       0
       0
       0
       0
       0
       0
       0
       0
       0
       0
       0
       0
       0
       0
       1
       0
       0
       0
       0
       0
       0
       1
       0
       0
       0
       0
       0
       0
       0
       0
       0
       0
       0
       0
       0
       0
       0
       0
       0
       0
       0
       0
       0
       0
       0
       0
       0
       0
       0
       0
       0
       0
       0
       0
       0
       0
       0
       1
       0
       0
       0
       0
       0
       0
       0
       0
       0
       1
       2
       0
       0
       0
       0
       0
       0
       0
       0
       0
       0
       0
       0
       0
       0
       0
       0
       0
       0
       0
       0
       0
       0
       0
       0
       0
       0
       0
       0
       0
       0
       0
       0
       0
       0
       0
       0
       2
       0
       1
       0
       0
       0
       0
       0
       1
       0
       0
       0
       0
       0
       0
       0
       0
       0
       0
       0
       0
       0
       0
       1
       0
       0
       0
       0
       0
       0
       0
       0
       0
       0
       0
       0
       0
       0
       0
       0
       0
       0
       0
       0
       0
       0
       0
       0
       0
       0
       0
       0
       0
       0
       0
       0
       0
       0
       0
       0
       1
       0
       0
       0
       2
       0
       2
       1
       1
       2
       1
       1
       0
       1
       0
       2
       1
       0
       0
       0
       0
       1
       0
       0
       1
       0
       0
       0
       1
       0
       0
       0
       0
       0
       0
       0
       0
       0
       1
       0
       1
       0
       1
       0
       0
       0
       0
       1
       0
       0
       0
       0
       0
       0
       0
       0
       0
       0
       0
       0
       0
       0
       0
       0
       0
       0
       0
       0
       0
       0
       0
       1
       1
       0
       0
       0
       0
       0
       0
       0
       0
       0
       0
       0
       0
       0
       0
       0
       0
       0
       0
       0
       0
       0
       0
       0
       0
       0
       0
       0
       0
       0
       0
       0
       0
       0
       0
       0
       0
       0
       0
       0
       0
       0
       0
       0
       0
       0
       0
       0
       0
       0
       0
       0
       0
       0
       0
       0
       0
       0
       0
       0
       0
       0
       0
       0
       0
       0
       0
       0
       0
       0
       0
       0
       0
       0
       0
       0
       0
       0
       0
       0
       0
       0
       0
       0
       0
       0
       0
       0
       0
       0
       0
       0
       0
       0
       1
       0
       0
       0
       0
       0
       0
       0
       0
       0
       0
       1
       0
       0
       0
       0
       0
       0
       0
       0
       0
       0
       0
       0
       0
       0
       0
       1
       0
       0
       0
       0
       0
       1
       0
       0
       0
       0
       0
       0
       0
       0
       0
       0
       0
       0
       0
       0
       0
       0
       0
       0
       0
       0
       0
       0
       0
       0
       0
       0
       0
       0
       0
       0
       0
       0
       0
       0
       0
       0
       0
       0
       1
       0
       0
       0
       0
       0
       0
       0
       0
       0
       0
       0
       0
       0
       0
       0
       0
       0
       0
       0
       0
       0
       0
       0
       1
       0
       0
       0
       0
       0
       0
       0
       0
       0
       0
       0
       0
       0
       0
       0
       0
       0
       0
       0
       0
       0
       0
       0
       0
       0
       0
       0
       0
       0
       0
       0
       0
       0
       0
       0
       0
       0
       0
       0
       0
       0
       0
       0
       0
       0
       0
       0
       0
       0
       0
       0
       0
       0
       0
       0
       0
       0
       0
       0
       0
       0
       0
       0
       0
       0
       0
       0
       0
       0
       0
       0
       0
       0
       0
       0
       0
       0
       0
       0
       0
       0
       0
       0
       0
       0
       0
       0
       0
       0
       0
       0
       0
       0
       0
       0
       0
       0
       0
       0
       0
       0
       0
       0
       0
       0
       0
       0
       0
       1
       1
       0
       0
       0
       0
       0
       0
       0
       0
       0
       0
       0
       0
       0
       0
       0
       0
       0
       0
       0
       0
       0
       0
       0
       0
       0
       0
       0
       0
       0
       0
       0
       0
       0
       0
       0
       0
       0
       0
       0
       0
       0
       0
       0
       0
       0
       0
       0
       0
       0
       0
       0
       0
       0
       0
       0
       0
       1
       0
       0
       0
       0
       0
       0
       1
       0
       0
       0
       0
       0
       0
       0
       0
       0
       0
       0
       0
       0
       0
       0
       0
       0
       0
       0
       0
       0
       0
       0
       0
       0
       0
       0
       0
       0
       0
       0
       0
       0
       0
       0
       0
       0
       0
       0
       0
       0
       0
       0
       0
       0
       0
       0
       0
       0
       0
       0
       0
       0
       0
       0
       0
       0
       0
       0
       0
       0
       0
       0
       0
       0
       0
       0
       0
       0
       0
       0
       0
       0
       0
       0
       0
       0
       0
       0
       0
       0
$ROI:
0
$PRESETS:
Real Time
300
0
$ENER_FIT:
1.185777 0.187465
$MCA_CAL:
3
1.185777E+000 1.874650E-001 0.000000E+000 keV
$SHAPE_CAL:
3
0.000000E+000 0.000000E+000 0.000000E+000
