$SPEC_ID:
No sample description was entered.
$SPEC_REM:
DET# 31
DETDESC# KILAB-122095 digiBASE SN 149 2" NaI
AP# Maestro Version 7.01
$DATE_MEA:
10/22/2025 13:55:30
$MEAS_TIM:
300 300
$DATA:
0 1023
       0
       0
       0
       0
       0
       0
       0
       0
       0
       0
       0
       1
       3
       2
       2
       2
       4
       2
       3
       2
       1
       2
       3
       5
       1
       2
       2
       2
       0
       4
       2
       2
       3
       2
       5
       1
       4
       4
       4
       4
       3
       2
       1
       2
       1
       2
       5
       3
       4
       2
       1
       6
       7
       4
      10
       7
       9
      12
      13
       8
      10
       7
       7
       4
       5
      11
       5
       5
       5
       2
       6
       1
       2
       3
       3
       1
       2
       2
       1
       2
       2
       5
       1
       6
       4
       3
       3
       3
       2
       2
       3
       1
       6
       2
       2
       1
       5
       1
       3
       5
       1
       1
       2
       4
       3
       1
       4
       3
       7
       2
       4
       2
       3
       0
       2
       1
       1
       3
       5
       4
       3
       2
       4
       3
       2
       4
       4
       3
       1
       3
       3
       8
       2
       1
       2
       4
       3
       5
       1
       1
       2
       6
       5
       3
       4
       6
       4
       3
       7
       2
       2
       2
       2
       2
       2
       3
       9
       4
       5
       2
       3
       2
       3
       3
       4
       1
       6
       3
       2
       2
       2
       2
       3
       2
       2
       9
       3
       1
       0
       2
       3
       2
       2
       3
       5
       5
       4
       3
       5
       7
       1
       4
       2
       2
       2
       2
       2
       3
       0
       5
       2
       8
       0
       4
       1
       1
       1
       3
       2
       1
       3
       1
       1
       3
       3
       1
       4
       2
       3
       3
       1
       1
       4
       2
       2
       0
       0
       0
       1
       3
       5
       1
       1
       1
       3
       2
       0
       2
       0
       1
       3
       1
       3
       4
       1
       5
       0
       3
       1
       2
       2
       4
       2
       1
       3
       5
       2
       3
       4
       1
       2
       2
       2
       2
       0
       3
       3
       3
       2
       4
       0
       4
       0
       0
       3
       1
       3
       2
       1
       2
       4
       1
       0
       3
       1
       4
       3
       1
       4
       8
       1
       2
       3
       1
       2
       5
       4
       3
       2
       1
       2
       3
       2
       2
       1
       1
       2
       3
       1
       3
       2
       4
       1
       0
       0
       1
       2
       0
       2
       0
       2
       4
       0
       3
       1
       0
       4
       1
       2
       4
       0
       3
       4
       3
       2
       4
       1
       1
       3
       1
       1
       3
       1
       3
       1
       3
       1
       5
       3
       1
       1
       2
       2
       2
       1
       2
       1
       1
       3
       1
       0
       0
       1
       0
       1
       1
       2
       3
       1
       1
       4
       4
       2
       3
       2
       2
       4
       2
       1
       0
       1
       0
       2
       2
       0
       1
       2
       2
       2
       2
       4
       1
       1
       2
       1
       2
       1
       1
       2
       3
       0
       0
       2
       2
       1
       0
       0
       0
       2
       1
       0
       3
       2
       0
       2
       2
       2
       2
       1
       2
       1
       2
       2
       5
       2
       1
       1
       1
       2
       0
       1
       2
       4
       1
       2
       0
       0
       1
       0
       3
       1
       4
       2
       0
       3
       3
       0
       0
       0
       2
       0
       1
       0
       0
       1
       1
       1
       1
       2
       1
       2
       0
       1
       0
       2
       0
       1
       3
       2
       1
       2
       2
       3
       2
       2
       2
       1
       1
       1
       0
       2
       1
       1
       0
       1
       0
       1
       2
       1
       0
       0
       1
       0
       5
       2
       2
       3
       2
       0
       0
       1
       0
       1
       0
       0
       2
       2
       1
       1
       1
       0
       1
       1
       0
       1
       1
       2
       2
       0
       2
       3
       3
       2
       1
       1
       0
       2
       0
       2
       1
       3
       2
       0
       0
       1
       1
       4
       1
       1
       3
       3
       0
       2
       0
       3
       1
       1
       1
       2
       2
       3
       2
       1
       5
       1
       2
       2
       1
       1
       1
       0
       0
       0
       1
       1
       0
       0
       1
       3
       1
       1
       2
       1
       0
       0
       1
       1
       1
       0
       2
       0
       0
       0
       0
       1
       3
       2
       2
       2
       1
       2
       1
       0
       1
       1
       0
       1
       1
       0
       1
       2
       3
       1
       0
       0
       1
       2
       1
       3
       2
       1
       1
       3
       1
       1
       2
       2
       1
       1
       1
       3
       2
       0
       0
       0
       1
       1
       3
       1
       0
       1
       0
       1
       0
       1
       1
       1
       0
       0
       1
       1
       0
       0
       2
       0
       0
       0
       2
       1
       0
       0
       2
       0
       1
       0
       0
       2
       3
       1
       1
       3
       0
       2
       3
       2
       0
       2
       2
       1
       1
       3
       1
       0
       1
       0
       2
       2
       1
       1
       2
       0
       0
       3
       2
       2
       2
       1
       1
       0
       2
       0
       0
       5
       1
       3
       0
       0
       0
       0
       1
       1
       1
       0
       2
       1
       0
       1
       3
       0
       0
       1
       1
       0
       2
       1
       1
       0
       1
       0
       0
       1
       0
       0
       1
       0
       0
       2
       0
       1
       0
       0
       0
       1
       0
       0
       1
       2
       1
       0
       1
       0
       1
       0
       0
       1
       0
       3
       1
       0
       2
       1
       0
       1
       2
       1
       1
       0
       0
       2
       3
       0
       3
       0
       0
       0
       1
       1
       1
       2
       0
       2
       0
       1
       0
       0
       0
       3
       0
       1
       2
       0
       0
       0
       0
       1
       0
       1
       0
       1
       0
       1
       1
       0
       1
       0
       0
       1
       0
       0
       2
       0
       0
       0
       0
       0
       1
       0
       2
       1
       0
       0
       0
       0
       0
       0
       0
       0
       2
       0
       0
       0
       0
       0
       0
       0
       1
       0
       0
       0
       0
       1
       2
       0
       0
       0
       0
       1
       0
       0
       2
       0
       0
       0
       0
       0
       0
       2
       0
       0
       2
       0
       0
       0
       0
       2
       3
       1
       1
       2
       4
       0
       5
       2
       0
       0
       2
       3
       1
       1
       0
       0
       1
       1
       3
       2
       0
       0
       0
       1
       0
       1
       0
       1
       0
       1
       0
       0
       0
       2
       1
       0
       0
       0
       0
       0
       1
       1
       0
       0
       0
       0
       0
       1
       0
       1
       0
       1
       0
       0
       0
       0
       0
       0
       0
       1
       0
       2
       0
       0
       0
       1
       0
       0
       0
       2
       1
       0
       0
       0
       0
       3
       0
       0
       1
       1
       1
       2
       0
       0
       2
       0
       0
       0
       0
       0
       1
       0
       0
       1
       0
       0
       0
       1
       0
       0
       1
       0
       0
       0
       1
       0
       1
       0
       0
       0
       0
       0
       0
       1
       0
       0
       0
       0
       0
       0
       0
       0
       0
       0
       0
       0
       0
       0
       0
       0
       0
       0
       0
       1
       0
       0
       0
       0
       0
       0
       0
       0
       0
       0
       0
       0
       1
       0
       0
       1
       0
       0
       1
       0
       2
       0
       0
       0
       0
       1
       0
       0
       0
       2
       1
       0
       0
       0
       3
$ROI:
0
$PRESETS:
Real Time
300
0
$ENER_FIT:
-103.456963 1.801075
$MCA_CAL:
3
-1.034570E+002 1.801075E+000 0.000000E+000 keV
$SHAPE_CAL:
3
0.000000E+000 0.000000E+000 0.000000E+000
