$SPEC_ID:
No sample description was entered.
$SPEC_REM:
DET# 31
DETDESC# KILAB-122095 digiBASE SN 149 2" NaI
AP# Maestro Version 7.01
$DATE_MEA:
10/22/2025 14:10:33
$MEAS_TIM:
270 300
$DATA:
0 1023
       0
       0
       0
       0
       0
       0
       0
       0
       0
       0
      18
    3763
    9602
   10322
   10866
   11345
   11600
   12273
   13082
   14042
   16236
   22192
   36551
   66192
  104360
  126134
  111968
   79714
   52526
   37314
   26454
   18489
   14286
   12709
   11969
   11836
   11676
   11689
   11798
   11596
   11468
   11786
   11747
   11881
   11500
   11552
   11609
   11835
   11781
   11793
   12081
   12127
   12474
   12649
   13034
   13374
   13251
   13327
   13022
   12359
   12111
   12151
   11952
   11939
   11873
   11625
   11373
   11310
   11229
   10933
   10781
   10932
   10975
   10909
   10857
   10675
   10949
   10674
   10971
   10909
   10999
   10821
   10959
   10991
   10956
   11103
   11179
   11208
   11066
   11181
   10932
   11158
   11107
   11003
   10961
   11197
   11109
   10985
   11010
   11200
   11145
   11045
   11127
   11299
   11030
   11030
   11190
   10975
   11080
   11388
   11206
   11051
   11310
   11364
   11307
   11347
   11290
   11356
   11460
   11575
   11631
   11829
   12067
   12278
   12705
   12845
   13497
   14102
   14525
   14762
   15059
   15702
   15750
   16011
   16103
   16343
   16207
   16105
   16172
   16163
   15760
   15623
   15448
   15390
   15314
   14832
   14919
   14645
   14592
   14425
   14364
   14202
   14148
   14133
   14030
   13997
   13590
   13361
   13744
   13211
   13303
   13250
   13080
   13190
   12989
   12925
   12647
   12798
   12608
   12588
   12577
   12573
   12405
   12175
   12280
   12329
   12159
   12178
   12107
   12106
   11945
   11837
   11818
   11881
   11772
   11903
   11850
   11835
   11702
   11627
   11702
   11621
   11458
   11463
   11308
   11424
   11409
   11493
   11387
   11263
   11251
   11234
   11115
   11342
   11061
   11082
   11090
   11073
   11088
   11187
   10955
   10926
   11077
   10932
   10875
   11110
   11132
   10957
   10891
   11114
   10899
   10821
   10918
   11191
   10890
   11024
   11170
   10945
   11144
   10952
   10842
   10893
   11014
   10848
   11032
   10993
   10946
   10816
   10908
   10804
   10859
   11100
   11158
   11060
   11066
   11046
   10988
   11066
   10976
   11014
   11094
   11190
   11048
   11107
   11015
   11062
   11142
   11022
   11253
   11632
   11109
   10971
   11161
   11353
   11184
   11349
   11244
   11216
   11447
   11373
   11441
   11414
   11498
   11417
   11588
   11621
   11444
   11624
   11620
   11607
   11501
   11675
   11814
   11623
   11756
   11936
   11528
   11768
   11578
   11685
   11728
   11637
   11595
   11353
   11552
   11396
   11130
   11170
   10801
   10602
   10443
   10178
    9935
    9737
    9304
    9015
    8747
    8299
    7953
    7524
    7351
    6974
    6538
    6391
    5991
    5682
    5627
    5366
    5012
    4967
    4574
    4568
    4380
    4142
    3898
    3781
    3753
    3662
    3621
    3413
    3272
    3352
    3225
    3130
    3121
    3017
    2895
    2805
    2808
    2730
    2649
    2616
    2674
    2588
    2469
    2318
    2330
    2369
    2356
    2352
    2185
    2203
    2177
    2174
    2053
    2160
    2172
    1964
    2004
    1990
    2001
    1992
    2031
    2021
    2005
    2000
    1961
    1976
    2008
    1961
    1931
    1947
    1952
    2048
    2013
    2029
    2009
    2044
    2067
    2107
    2058
    2191
    2180
    2277
    2272
    2313
    2342
    2465
    2619
    2752
    2981
    3016
    3389
    3639
    4130
    4534
    5111
    5808
    6631
    7489
    8566
    9906
   11526
   13071
   15243
   17349
   20204
   22805
   25958
   29690
   32903
   36616
   40624
   44789
   49105
   53238
   58009
   62245
   65934
   70189
   73747
   76366
   79067
   81280
   82990
   83147
   83497
   83180
   82177
   80664
   77251
   74578
   70784
   67334
   62872
   58717
   53896
   48966
   44714
   39721
   35401
   31035
   27341
   23507
   20405
   17538
   14647
   12556
   10276
    8621
    7075
    5771
    4824
    3877
    3201
    2604
    2174
    1818
    1484
    1370
    1182
    1050
     916
     849
     803
     722
     651
     657
     662
     654
     597
     640
     612
     555
     536
     571
     550
     579
     580
     576
     583
     576
     536
     565
     568
     568
     506
     514
     528
     520
     533
     515
     506
     517
     480
     508
     506
     485
     462
     571
     502
     518
     510
     463
     484
     474
     503
     479
     507
     508
     521
     540
     468
     502
     515
     462
     478
     504
     488
     484
     482
     483
     526
     489
     523
     495
     523
     467
     492
     474
     516
     463
     489
     521
     468
     482
     447
     507
     469
     439
     493
     497
     502
     480
     487
     451
     482
     457
     492
     451
     477
     429
     482
     440
     465
     476
     470
     475
     435
     445
     455
     416
     457
     430
     489
     447
     432
     427
     459
     440
     452
     419
     416
     436
     418
     409
     449
     440
     423
     396
     417
     419
     392
     425
     422
     365
     356
     337
     393
     428
     369
     393
     358
     360
     417
     368
     353
     360
     354
     330
     344
     316
     331
     366
     314
     342
     276
     357
     302
     305
     345
     312
     284
     326
     296
     331
     302
     290
     340
     313
     310
     304
     321
     297
     285
     334
     293
     326
     276
     317
     277
     309
     317
     303
     284
     311
     311
     290
     311
     271
     289
     284
     296
     304
     304
     317
     273
     277
     295
     279
     275
     284
     283
     249
     278
     270
     269
     260
     259
     283
     273
     285
     249
     285
     271
     251
     284
     264
     242
     259
     255
     225
     237
     221
     219
     235
     267
     251
     250
     265
     236
     244
     239
     272
     277
     284
     305
     298
     288
     301
     321
     358
     366
     396
     383
     437
     484
     491
     483
     526
     533
     514
     564
     614
     638
     599
     648
     598
     604
     629
     681
     634
     700
     622
     638
     611
     634
     589
     594
     525
     550
     503
     489
     454
     422
     439
     413
     373
     348
     348
     310
     286
     276
     254
     231
     235
     229
     198
     179
     189
     166
     169
     168
     146
     149
     135
     131
     139
     115
     132
     150
     136
     127
     112
     112
     122
     126
     132
     138
     147
     130
     136
     157
     153
     143
     157
     183
     185
     183
     197
     215
     215
     224
     250
     248
     290
     280
     316
     307
     363
     351
     435
     391
     415
     455
     522
     472
     497
     505
     501
     557
     564
     585
     557
     612
     571
     567
     577
     626
     601
     567
     576
     576
     579
     526
     523
     497
     470
     477
     453
     418
     423
     386
     363
     332
     315
     311
     283
     271
     241
     227
     197
     209
     174
     127
     129
     125
     134
     123
     124
      89
      73
      89
      54
      79
      44
      52
      53
      45
      39
      44
      34
      38
      42
      42
      20
      25
      29
      22
      27
      35
      26
      34
      29
      30
      28
      23
      30
      28
      21
      21
      20
      26
      28
      22
      23
      26
      22
      19
      25
      20
      24
      15
      19
      24
      22
      26
      15
      26
      20
      31
      25
      17
      18
      17
      17
      14
      23
      20
      20
      20
      20
      22
      27
      21
      23
      20
      18
      20
      17
      25
      22
      28
      22
      23
      17
      16
      24
      20
      28
      16
      17
      24
      15
      17
      17
      15
      17
      27
      19
      22
      20
      21
      28
      15
      20
      13
      17
      15
      21
      19
      13
      20
      28
      20
      27
      18
      23
      15
      17
      18
      12
      18
      15
      18
      16
      16
      21
      30
      12
      17
      24
      19
      16
      17
      26
      19
      11
      22
      18
      15
      18
      19
      20
      15
      15
      11
      17
      12
      19
      20
      14
      16
      14
      16
      11
      21
      13
      12
      19
      17
      21
      23
      15
      14
      15
      12
      20
      21
      19
      14
      12
      13
      14
      11
      16
      15
      17
      14
      16
      27
      14
      14
      14
      12
      13
      16
      10
      25
      18
      11
      14
      21
      11
      10
       7
      13
      15
      21
      19
       8
      16
      12
      59
$ROI:
0
$PRESETS:
Real Time
300
0
$ENER_FIT:
-103.456963 1.801075
$MCA_CAL:
3
-1.034570E+002 1.801075E+000 0.000000E+000 keV
$SHAPE_CAL:
3
0.000000E+000 0.000000E+000 0.000000E+000
