$SPEC_ID:
No sample description was entered.
$SPEC_REM:
DET# 31
DETDESC# KILAB-122095 digiBASE SN 149 2" NaI
AP# Maestro Version 7.01
$DATE_MEA:
10/22/2025 14:03:15
$MEAS_TIM:
279 300
$DATA:
0 1023
       0
       0
       0
       0
       0
       0
       0
       0
       0
       0
      33
    5527
   12166
   14049
   14225
   10901
    7305
    5748
    5283
    5491
    5977
    7691
   12149
   21379
   34068
   44278
   45451
   44046
   50747
   73319
  105913
  130770
  128393
  103460
   75232
   56920
   48115
   40058
   28928
   18989
   12070
    8642
    6780
    6195
    5787
    5440
    5257
    5382
    5380
    5194
    5373
    5843
    6273
    6881
    7539
    8321
    8820
    9178
    9368
    9566
   10257
   10935
   12035
   12907
   13420
   13674
   13636
   13196
   12447
   11539
   10151
    9529
    8851
    8326
    7945
    7925
    7910
    8248
    8804
    9886
   11087
   13819
   18110
   23785
   32108
   43001
   55589
   67581
   76917
   81657
   79718
   71977
   60483
   47785
   35732
   25634
   18407
   13618
   10923
    8943
    7983
    7442
    6956
    6576
    6582
    6250
    6349
    6376
    6711
    6777
    7463
    7838
    8177
    9121
   10233
   10726
   11574
   12472
   13145
   13407
   13480
   13270
   12868
   11880
   10632
    9682
    8637
    7682
    6827
    6092
    5673
    5156
    5005
    4816
    4631
    4648
    4491
    4585
    4482
    4543
    4483
    4389
    4388
    4519
    4410
    4537
    4424
    4458
    4430
    4558
    4479
    4680
    4486
    4509
    4630
    4821
    4944
    5031
    5525
    5942
    6686
    7024
    7616
    8286
    8806
    9528
   10018
   10547
   10597
   10558
   10465
   10122
    9895
    9446
    8973
    8042
    7500
    6882
    6296
    5795
    5544
    4969
    4642
    4582
    4250
    4216
    4124
    4090
    4207
    4315
    4396
    4351
    4497
    4630
    4716
    4895
    4765
    5096
    5089
    5203
    5015
    5031
    4974
    4923
    4876
    4766
    4603
    4675
    4438
    4398
    4294
    4441
    4503
    4665
    5068
    5305
    5895
    6503
    7300
    8601
    9647
   10917
   12166
   13836
   15285
   16776
   18443
   19940
   21031
   22336
   22989
   23594
   23834
   24040
   23407
   23008
   22190
   20706
   19473
   17994
   16458
   14781
   13289
   11921
   10385
    9130
    8095
    7129
    6519
    6080
    5494
    5259
    4938
    4719
    4536
    4512
    4423
    4413
    4169
    4041
    3973
    3877
    3792
    3771
    3696
    3742
    3576
    3563
    3548
    3670
    3630
    3691
    3671
    3712
    3754
    3954
    3800
    3751
    3796
    3706
    3796
    3849
    3853
    3814
    3743
    3775
    3729
    3739
    3783
    3701
    3830
    3727
    3793
    3773
    3693
    3735
    3747
    3612
    3583
    3575
    3356
    3414
    3371
    3266
    3208
    3086
    3058
    2936
    2907
    2863
    2836
    2794
    2728
    2791
    2764
    2801
    2876
    2727
    2880
    2730
    2684
    2814
    2806
    2762
    2705
    2757
    2755
    2737
    2734
    2624
    2730
    2655
    2616
    2610
    2648
    2572
    2569
    2450
    2551
    2571
    2542
    2525
    2510
    2513
    2473
    2505
    2473
    2549
    2483
    2470
    2446
    2551
    2507
    2525
    2390
    2435
    2446
    2446
    2610
    2582
    2511
    2524
    2644
    2588
    2538
    2592
    2605
    2593
    2593
    2663
    2631
    2584
    2671
    2575
    2514
    2623
    2610
    2641
    2540
    2564
    2526
    2560
    2496
    2471
    2536
    2511
    2340
    2387
    2348
    2304
    2314
    2317
    2235
    2343
    2213
    2278
    2231
    2208
    2185
    2156
    2146
    2112
    2122
    2140
    2109
    2186
    2025
    2105
    2110
    2082
    2069
    2096
    2013
    2060
    2070
    2023
    2108
    2103
    2083
    2095
    2148
    2124
    2142
    2128
    2175
    2133
    2100
    2160
    2204
    2128
    2214
    2188
    2197
    2243
    2209
    2105
    2169
    2300
    2270
    2227
    2215
    2288
    2271
    2202
    2311
    2268
    2198
    2303
    2348
    2376
    2340
    2440
    2259
    2357
    2334
    2385
    2359
    2341
    2349
    2389
    2387
    2463
    2471
    2357
    2381
    2413
    2452
    2452
    2498
    2486
    2491
    2513
    2593
    2777
    2644
    2699
    2805
    2976
    3097
    3068
    3127
    3353
    3515
    3634
    3676
    3708
    3812
    4093
    4007
    4096
    4223
    4242
    4359
    4462
    4319
    4328
    4383
    4325
    4171
    4257
    4059
    4012
    3894
    3752
    3584
    3486
    3380
    3239
    3039
    3030
    2892
    2733
    2709
    2495
    2466
    2335
    2327
    2222
    2166
    2139
    2093
    2015
    1986
    2012
    1964
    2034
    2014
    2019
    1999
    1995
    2016
    1998
    2064
    1959
    2002
    2005
    2063
    2139
    2088
    1998
    2040
    2099
    2127
    2067
    2103
    2072
    2096
    2098
    2017
    2072
    2046
    1990
    1910
    1949
    1896
    1910
    1854
    1857
    1811
    1822
    1750
    1726
    1758
    1695
    1703
    1686
    1689
    1638
    1656
    1634
    1673
    1677
    1732
    1616
    1712
    1697
    1782
    1796
    1848
    1822
    1969
    1902
    2004
    2044
    2155
    2163
    2196
    2330
    2308
    2443
    2409
    2427
    2615
    2630
    2688
    2796
    2843
    2825
    2890
    2934
    2868
    2812
    2739
    2836
    2721
    2834
    2726
    2739
    2607
    2573
    2556
    2450
    2431
    2392
    2370
    2169
    2235
    2213
    2206
    2174
    2049
    1996
    1981
    1933
    1861
    1841
    1867
    1707
    1660
    1641
    1596
    1643
    1603
    1598
    1625
    1618
    1434
    1482
    1557
    1637
    1544
    1505
    1505
    1553
    1582
    1613
    1594
    1624
    1787
    1836
    1784
    1872
    2012
    2156
    2185
    2255
    2336
    2474
    2530
    2558
    2770
    2871
    2886
    2985
    3116
    3079
    3273
    3285
    3463
    3534
    3619
    3631
    3610
    3638
    3763
    3656
    3764
    3627
    3643
    3749
    3668
    3623
    3594
    3516
    3493
    3462
    3248
    3306
    3256
    3283
    3090
    3053
    2952
    2852
    2802
    2766
    2642
    2582
    2593
    2497
    2368
    2357
    2216
    2193
    2137
    2015
    1874
    1812
    1737
    1753
    1764
    1664
    1461
    1480
    1417
    1376
    1306
    1279
    1171
    1151
    1121
    1052
    1076
     943
     930
     890
     861
     904
     841
     789
     778
     844
     795
     734
     758
     755
     744
     767
     771
     735
     739
     739
     746
     772
     749
     719
     754
     788
     749
     784
     808
     777
     830
     802
     811
     783
     856
     837
     835
     803
     877
     810
     823
     822
     776
     874
     803
     780
     794
     738
     694
     742
     745
     675
     638
     696
     687
     635
     643
     625
     654
     643
     598
     609
     554
     538
     515
     504
     454
     492
     466
     472
     405
     419
     385
     399
     399
     367
     417
     391
     368
     378
     419
     379
     372
     406
     395
     430
     454
     494
     445
     496
     490
     544
     576
     661
     685
     722
     749
     854
     827
     917
     965
    1023
    1038
    1155
    1141
    1254
    1308
    1363
    1415
    1421
    1541
    1468
    1578
    1628
    1582
    1630
    1592
    1621
    1696
    1618
    1605
    1601
    1658
    1580
    1520
    1565
    1459
    1435
    1376
    1388
    1264
    1293
    1223
    1191
    1142
    1081
    1085
    1008
     994
     996
     924
     924
     918
     813
     773
     773
     679
     686
     650
     629
     572
     561
     557
     508
     515
     472
     463
     475
     399
     393
     420
     388
     349
     378
     415
     366
     375
     381
     362
     362
     396
     354
     368
     337
     356
     365
     374
     379
     401
     368
     402
     397
     411
     417
     388
     430
     405
     408
     405
     356
     407
     376
     370
     361
     362
     394
     352
     335
     353
     311
     313
     306
     306
     297
     255
     267
     283
     266
     192
     220
     222
     194
     181
     177
     161
     147
     173
     136
     157
     105
     122
     100
     144
     107
     113
     104
      93
      90
     123
      95
      99
      84
      96
      81
      87
     107
      87
      90
      75
      73
      77
      64
      72
      68
      79
      59
      70
      66
      74
      57
      61
      53
      59
      50
      60
      50
      44
      35
      41
      43
      43
      51
      55
      44
      48
      33
      37
      41
      44
      33
      31
      34
      24
      17
      24
      36
      25
      25
      19
      19
      16
      18
      26
      14
      25
      20
      22
      24
      27
      15
      18
      21
      22
      18
      20
      12
      20
      14
      17
      11
      15
      86
$ROI:
0
$PRESETS:
Real Time
300
0
$ENER_FIT:
-103.456963 1.801075
$MCA_CAL:
3
-1.034570E+002 1.801075E+000 0.000000E+000 keV
$SHAPE_CAL:
3
0.000000E+000 0.000000E+000 0.000000E+000
