$SPEC_ID:
No sample description was entered.
$SPEC_REM:
DET# 8
DETDESC# Detector #8 - 80% HPGe (Matchmaker MCB 1)
AP# Maestro Version 7.01
$DATE_MEA:
11/18/2025 14:21:49
$MEAS_TIM:
534 600
$DATA:
0 8191
       0
       0
       0
       0
       0
       0
       0
       0
       0
       0
       0
       0
       0
       0
       0
       0
       0
       0
       0
       0
       0
       0
       0
       0
       0
       0
       0
       0
       0
       0
       0
       0
       0
       0
       0
       0
       0
       0
       0
       0
       0
       0
       0
       0
       1
       3
       6
       5
      15
      26
      38
     243
     731
     718
     817
     785
     778
     761
     699
     737
     715
     746
     726
     708
     702
     695
     715
     720
     653
     616
     651
     680
     667
     683
     707
     626
     640
     704
     681
     666
     672
     656
     649
     627
     656
     652
     592
     621
     607
     637
     622
     620
     682
     670
     616
     620
     633
     636
     592
     624
     654
     631
     593
     634
     593
     588
     659
     639
     632
     590
     611
     604
     579
     578
     596
     581
     617
     592
     546
     559
     598
     566
     559
     602
     581
     592
     612
     612
     581
     562
     571
     570
     617
     545
     550
     592
     609
     591
     565
     613
     581
     556
     552
     576
     569
     564
     565
     584
     556
     597
     579
     581
     580
     537
     592
     549
     508
     551
     616
     590
     565
     514
     553
     550
     551
     549
     569
     533
     594
     579
     561
     548
     594
     559
     579
     578
     563
     536
     577
     568
     518
     582
     549
     542
     562
     562
     558
     538
     554
     536
     514
     590
     558
     589
     549
     596
     550
     575
     593
     606
     566
     555
     603
     623
     554
     587
     626
     595
     572
     566
     561
     637
     611
     615
     626
     600
     537
     619
     524
     558
     556
     538
     599
     526
     577
     555
     528
     520
     606
     544
     583
     568
     603
     529
     580
     596
     565
     556
     606
     665
     666
     589
     609
     582
     554
     583
     582
     600
     578
     541
     607
     617
     550
     568
     545
     595
     554
     586
     598
     644
     582
     609
     627
     602
     594
     612
     594
     621
     596
     604
     564
     654
     635
     634
     622
     619
     550
     636
     620
     585
     588
     583
     610
     610
     616
     576
     600
     653
     670
     592
     629
     653
     633
     655
     662
     654
     620
     649
     653
     600
     637
     600
     674
     657
     640
     618
     660
     647
     652
     673
     664
     644
     627
     685
     656
     658
     637
     643
     683
     642
     660
     635
     700
     644
     672
     729
     643
     687
     691
     658
     643
     669
     659
     650
     674
     687
     631
     666
     654
     649
     679
     677
     684
     684
     647
     699
     630
     666
     725
     713
     720
     698
     719
     698
     720
     722
     712
     728
     685
     682
     682
     685
     685
     729
     733
     688
     695
     688
     741
     763
     704
     739
     667
     649
     699
     702
     719
     753
     719
     826
     790
     779
     753
     821
     831
     869
     868
    1100
    1446
    2117
    2483
    2106
    1361
     966
     748
     718
     700
     671
     714
     742
     717
     735
     732
     643
     683
     709
     704
     689
     709
     710
     729
     731
     741
     692
     681
     711
     731
     740
     718
     709
     669
     740
     681
     718
     764
     770
     724
     714
     773
     742
     710
     760
     731
     719
     709
     760
     730
     698
     720
     759
     761
     710
     692
     725
     734
     702
     743
     749
     723
     757
     723
     753
     746
     737
     770
     816
     770
     761
     828
     785
     763
     726
     742
     822
     788
     769
     823
     765
     763
     781
     768
     753
     775
     765
     785
     806
     777
     748
     768
     811
     810
     775
     824
     803
     775
     813
     761
     804
     764
     800
     737
     727
     755
     780
     751
     763
     763
     765
     782
     756
     723
     735
     729
     732
     767
     770
     741
     768
     726
     788
     764
     787
     749
     780
     726
     790
     742
     704
     751
     778
     735
     711
     751
     798
     736
     793
     694
     769
     730
     744
     745
     757
     752
     767
     721
     740
     773
     758
     734
     720
     750
     766
     745
     698
     743
     739
     701
     779
     794
     748
     730
     752
     772
     734
     795
     750
     753
     730
     746
     716
     749
     772
     746
     731
     789
     775
     836
     710
     821
     765
     775
     737
     791
     750
     759
     744
     804
     760
     718
     749
     772
     782
     755
     779
     806
     767
     781
     812
     821
     776
     760
     802
     826
     787
     804
     780
     832
     833
     811
     802
     832
     818
     859
     893
     805
     841
     879
     872
     862
     816
     878
     832
     843
     883
     809
     861
     878
     844
     850
     831
     860
     794
     837
     803
     872
     877
     871
     863
     845
     843
     859
     862
     846
     860
     882
     847
     860
     824
     849
     937
     830
     834
     864
     859
     873
     890
     864
     842
     837
     757
     812
     858
     861
     865
     830
     819
     809
     842
     826
     823
     872
     896
     852
     852
     867
     884
     793
     795
     759
     822
     850
     811
     858
     766
     813
     823
     848
     817
     834
     833
     801
     875
     866
     787
     804
     837
     825
     870
     817
     803
     822
     850
     821
     820
     800
     831
     831
     788
     827
     812
     808
     809
     791
     802
     785
     776
     827
     756
     764
     778
     848
     825
     814
     779
     753
     790
     764
     746
     757
     730
     796
     782
     781
     783
     782
     749
     753
     699
     757
     777
     754
     723
     722
     715
     721
     683
     700
     677
     708
     693
     798
     733
     759
     687
     669
     685
     650
     669
     664
     657
     717
     679
     633
     615
     683
     623
     669
     639
     690
     646
     592
     671
     646
     669
     686
     718
     669
     688
     652
     589
     590
     613
     641
     577
     584
     646
     585
     639
     637
     608
     672
     642
     651
     696
     698
     738
     643
     608
     587
     602
     617
     596
     605
     606
     600
     601
     627
     588
     579
     601
     585
     574
     575
     593
     604
     579
     572
     591
     585
     593
     575
     590
     548
     605
     588
     558
     578
     516
     548
     585
     614
     563
     593
     581
     607
     571
     547
     581
     546
     580
     565
     528
     570
     585
     557
     600
     584
     554
     566
     571
     521
     543
     551
     579
     554
     542
     523
     614
     548
     553
     567
     574
     578
     584
     622
     629
     629
     611
     566
     554
     534
     552
     577
     556
     507
     502
     548
     568
     570
     520
     519
     479
     556
     529
     492
     499
     522
     470
     532
     495
     504
     533
     534
     500
     507
     489
     564
     473
     505
     506
     534
     499
     518
     565
     500
     498
     524
     512
     509
     528
     503
     520
     488
     533
     501
     478
     542
     492
     477
     507
     526
     516
     496
     553
     498
     503
     486
     497
     482
     479
     477
     540
     520
     485
     499
     492
     498
     491
     493
     497
     526
     502
     508
     463
     498
     500
     483
     495
     533
     472
     543
     565
     573
     588
     749
     873
     911
     798
     648
     555
     544
     491
     481
     483
     452
     457
     460
     469
     415
     458
     448
     468
     485
     424
     505
     486
     479
     445
     476
     474
     452
     481
     441
     478
     495
     481
     432
     474
     466
     431
     467
     470
     455
     520
     461
     454
     433
     456
     442
     466
     480
     479
     476
     438
     460
     547
     565
     559
     701
     835
     942
     785
     663
     539
     471
     468
     495
     448
     446
     452
     473
     435
     442
     452
     480
     445
     461
     472
     437
     464
     479
     434
     476
     453
     479
     422
     487
     428
     434
     454
     429
     455
     446
     474
     441
     442
     454
     432
     411
     443
     424
     447
     463
     461
     457
     445
     435
     425
     452
     427
     456
     463
     428
     438
     451
     421
     431
     442
     419
     415
     455
     439
     412
     431
     418
     418
     426
     456
     444
     422
     444
     440
     406
     416
     433
     421
     450
     465
     440
     391
     437
     454
     405
     442
     436
     412
     456
     410
     423
     434
     426
     429
     455
     422
     465
     410
     448
     439
     423
     427
     462
     382
     442
     464
     412
     424
     402
     416
     437
     411
     436
     443
     436
     413
     434
     401
     434
     407
     428
     429
     414
     418
     413
     398
     436
     434
     415
     465
     435
     430
     405
     431
     409
     415
     399
     399
     436
     439
     417
     389
     376
     445
     407
     447
     445
     419
     447
     418
     442
     433
     434
     442
     483
     481
     511
     453
     480
     484
     541
     609
     720
     723
     873
     971
    1071
    1212
    1392
    1658
    2138
    3478
    6829
   11712
   15981
   15249
   10939
    5523
    2209
     868
     494
     416
     393
     378
     341
     402
     358
     395
     361
     409
     362
     392
     364
     369
     356
     359
     368
     371
     317
     364
     347
     352
     351
     383
     359
     351
     365
     366
     353
     339
     334
     363
     345
     352
     327
     313
     342
     315
     356
     366
     377
     352
     324
     376
     336
     388
     344
     358
     327
     353
     329
     365
     350
     360
     348
     380
     355
     355
     335
     352
     328
     360
     334
     323
     315
     351
     343
     321
     341
     343
     328
     335
     317
     368
     344
     326
     327
     366
     329
     347
     330
     353
     325
     323
     321
     371
     345
     349
     337
     322
     338
     384
     327
     307
     305
     365
     330
     326
     353
     370
     342
     314
     349
     329
     317
     355
     353
     317
     331
     358
     330
     339
     311
     324
     359
     322
     329
     388
     395
     362
     361
     455
     487
     569
     661
     673
     575
     477
     377
     357
     341
     336
     322
     308
     346
     357
     353
     305
     355
     353
     355
     370
     329
     346
     327
     315
     354
     302
     331
     359
     328
     319
     343
     356
     327
     366
     327
     372
     323
     353
     327
     307
     326
     357
     353
     333
     342
     346
     372
     300
     306
     313
     339
     348
     313
     302
     325
     325
     351
     351
     336
     357
     339
     354
     334
     342
     322
     304
     329
     336
     355
     332
     318
     311
     353
     307
     362
     355
     344
     317
     340
     323
     332
     341
     350
     334
     328
     308
     340
     329
     346
     313
     339
     301
     292
     339
     316
     371
     352
     346
     295
     328
     307
     338
     335
     321
     337
     331
     310
     303
     322
     339
     333
     328
     328
     354
     326
     325
     320
     341
     334
     331
     330
     322
     335
     318
     378
     349
     370
     380
     376
     357
     365
     408
     428
     418
     450
     503
     560
     566
     508
     458
     456
     408
     360
     338
     351
     335
     324
     380
     326
     290
     343
     326
     354
     298
     340
     329
     317
     320
     327
     316
     317
     321
     342
     302
     297
     330
     315
     297
     333
     338
     332
     333
     340
     324
     325
     321
     313
     360
     331
     318
     349
     322
     347
     358
     324
     315
     292
     324
     332
     306
     310
     330
     311
     310
     336
     318
     353
     281
     311
     356
     305
     327
     343
     324
     340
     323
     309
     354
     320
     310
     338
     346
     342
     311
     306
     288
     305
     343
     322
     332
     304
     319
     318
     290
     316
     328
     324
     316
     311
     320
     312
     311
     359
     314
     341
     312
     334
     331
     364
     317
     316
     334
     340
     301
     335
     318
     301
     352
     310
     329
     327
     305
     300
     313
     333
     296
     327
     305
     287
     328
     341
     300
     352
     292
     293
     321
     325
     299
     306
     339
     356
     355
     340
     301
     308
     328
     311
     318
     303
     305
     321
     312
     340
     333
     339
     329
     316
     323
     362
     360
     302
     328
     336
     311
     330
     338
     339
     346
     332
     311
     324
     323
     335
     336
     349
     315
     320
     336
     364
     317
     332
     321
     328
     315
     317
     320
     298
     358
     322
     325
     317
     327
     316
     316
     308
     315
     313
     317
     328
     339
     322
     338
     317
     353
     309
     308
     310
     291
     297
     363
     333
     310
     338
     316
     339
     320
     328
     356
     300
     320
     345
     318
     313
     345
     322
     342
     364
     318
     351
     320
     314
     334
     356
     309
     334
     331
     317
     336
     358
     312
     322
     329
     344
     339
     362
     336
     341
     356
     325
     340
     321
     300
     321
     328
     353
     348
     358
     291
     341
     340
     346
     333
     328
     328
     343
     324
     323
     306
     327
     327
     325
     353
     314
     360
     332
     321
     324
     331
     317
     283
     305
     334
     367
     334
     370
     337
     340
     358
     352
     336
     338
     356
     288
     301
     337
     318
     322
     351
     324
     344
     349
     330
     335
     312
     319
     349
     333
     361
     349
     330
     315
     321
     329
     354
     317
     330
     325
     334
     302
     355
     306
     317
     298
     337
     315
     328
     308
     310
     296
     336
     311
     333
     338
     318
     300
     296
     334
     312
     311
     316
     355
     321
     305
     330
     331
     342
     305
     315
     301
     322
     333
     307
     333
     324
     323
     295
     309
     322
     312
     326
     319
     300
     301
     307
     315
     327
     302
     313
     293
     298
     314
     336
     307
     341
     328
     288
     302
     287
     293
     310
     311
     281
     296
     295
     314
     323
     296
     298
     311
     311
     335
     308
     301
     293
     321
     306
     302
     304
     322
     325
     298
     307
     302
     307
     298
     323
     303
     306
     291
     336
     367
     345
     359
     346
     318
     328
     319
     314
     308
     327
     324
     274
     309
     296
     303
     279
     314
     318
     288
     309
     313
     296
     295
     344
     307
     332
     305
     312
     285
     307
     324
     308
     311
     293
     286
     333
     295
     297
     269
     277
     276
     287
     290
     294
     328
     307
     302
     325
     331
     336
     307
     298
     303
     292
     297
     302
     287
     283
     301
     305
     278
     278
     262
     345
     319
     323
     305
     324
     288
     341
     300
     320
     297
     301
     303
     305
     295
     313
     293
     299
     312
     298
     319
     299
     329
     314
     316
     300
     330
     304
     290
     322
     319
     313
     323
     329
     370
     358
     367
     331
     331
     295
     305
     308
     302
     315
     313
     296
     315
     278
     305
     295
     316
     290
     329
     308
     302
     296
     291
     300
     296
     310
     259
     300
     309
     321
     302
     300
     321
     294
     287
     314
     304
     299
     276
     313
     309
     315
     313
     340
     311
     316
     344
     380
     356
     324
     347
     328
     294
     296
     316
     297
     294
     339
     299
     317
     289
     273
     284
     282
     300
     330
     324
     322
     279
     300
     320
     308
     298
     309
     308
     304
     301
     307
     291
     310
     324
     302
     301
     301
     331
     303
     294
     316
     316
     308
     277
     313
     331
     296
     296
     319
     253
     296
     292
     319
     306
     295
     303
     293
     295
     306
     308
     324
     335
     287
     277
     292
     320
     284
     290
     289
     331
     271
     315
     284
     291
     319
     290
     346
     299
     326
     308
     330
     327
     311
     284
     302
     315
     337
     310
     311
     316
     321
     310
     294
     325
     275
     346
     294
     316
     320
     266
     303
     314
     318
     352
     339
     301
     294
     331
     329
     293
     309
     286
     305
     320
     345
     300
     289
     312
     290
     318
     293
     294
     280
     302
     328
     315
     315
     315
     310
     318
     326
     315
     295
     349
     325
     326
     297
     284
     295
     316
     306
     291
     294
     326
     306
     308
     278
     330
     280
     303
     332
     320
     303
     318
     299
     299
     320
     315
     315
     314
     313
     346
     353
     262
     286
     283
     333
     320
     312
     336
     322
     308
     352
     312
     334
     302
     282
     284
     319
     316
     294
     326
     319
     326
     341
     328
     320
     328
     322
     327
     321
     313
     352
     300
     291
     308
     321
     324
     291
     342
     330
     366
     314
     301
     307
     315
     373
     374
     439
     386
     394
     390
     373
     377
     315
     353
     361
     349
     354
     378
     361
     348
     327
     312
     308
     325
     335
     356
     322
     341
     339
     314
     312
     343
     327
     320
     323
     341
     368
     305
     347
     296
     314
     302
     324
     318
     323
     296
     312
     345
     330
     388
     334
     346
     351
     308
     315
     366
     347
     350
     356
     333
     335
     337
     326
     350
     312
     332
     310
     342
     338
     331
     359
     350
     337
     322
     340
     316
     342
     334
     307
     316
     332
     302
     359
     362
     342
     337
     345
     327
     360
     348
     320
     358
     352
     339
     302
     371
     363
     358
     340
     330
     360
     381
     392
     438
     403
     433
     516
     524
     575
     637
     738
     946
    1412
    2225
    3304
    4188
    4374
    3633
    2584
    1469
     857
     512
     370
     365
     330
     392
     389
     345
     346
     383
     337
     343
     357
     378
     367
     354
     372
     399
     365
     322
     390
     347
     337
     366
     347
     348
     362
     364
     361
     358
     393
     351
     371
     357
     338
     368
     408
     367
     366
     380
     358
     372
     395
     375
     341
     370
     381
     376
     377
     325
     375
     336
     369
     348
     367
     361
     350
     353
     355
     393
     373
     390
     402
     352
     352
     365
     368
     393
     382
     362
     373
     383
     370
     402
     371
     356
     361
     343
     404
     381
     394
     356
     399
     329
     390
     377
     338
     385
     349
     370
     363
     378
     379
     348
     381
     377
     376
     383
     383
     401
     395
     431
     385
     393
     384
     372
     370
     377
     409
     386
     404
     395
     408
     393
     391
     395
     429
     358
     390
     365
     433
     392
     409
     370
     391
     389
     416
     383
     403
     398
     420
     393
     393
     355
     367
     371
     396
     373
     412
     384
     397
     429
     404
     414
     409
     426
     391
     400
     405
     427
     422
     405
     421
     402
     383
     418
     425
     407
     403
     410
     411
     394
     429
     391
     427
     411
     413
     426
     429
     411
     431
     413
     418
     398
     425
     376
     383
     365
     401
     425
     415
     414
     397
     385
     415
     373
     409
     421
     415
     426
     415
     361
     388
     396
     408
     376
     380
     380
     349
     389
     347
     354
     356
     360
     371
     351
     355
     375
     371
     347
     334
     332
     311
     342
     332
     337
     356
     352
     338
     333
     332
     320
     323
     331
     332
     345
     335
     335
     342
     318
     315
     307
     313
     354
     330
     328
     330
     298
     343
     317
     325
     367
     361
     314
     341
     354
     328
     321
     329
     328
     315
     339
     322
     307
     327
     305
     327
     316
     299
     328
     335
     318
     318
     283
     295
     283
     339
     348
     293
     318
     336
     310
     351
     327
     283
     319
     314
     328
     303
     346
     306
     303
     323
     313
     307
     309
     301
     318
     313
     311
     286
     297
     305
     323
     312
     327
     374
     338
     312
     335
     316
     318
     297
     309
     309
     323
     316
     308
     335
     310
     336
     332
     297
     342
     333
     332
     344
     364
     336
     295
     319
     317
     315
     309
     337
     325
     314
     319
     267
     329
     296
     287
     298
     301
     262
     340
     303
     306
     298
     287
     301
     301
     287
     289
     299
     289
     326
     279
     281
     315
     293
     313
     281
     284
     316
     307
     290
     312
     339
     288
     315
     330
     323
     323
     280
     319
     299
     275
     316
     272
     300
     311
     282
     315
     282
     297
     287
     283
     322
     288
     261
     329
     282
     301
     272
     299
     296
     313
     309
     292
     313
     252
     298
     292
     317
     308
     324
     296
     305
     285
     304
     318
     285
     283
     285
     290
     288
     266
     287
     289
     293
     281
     275
     314
     300
     275
     301
     289
     325
     291
     277
     273
     316
     313
     380
     389
     412
     404
     392
     424
     360
     324
     302
     295
     326
     307
     291
     298
     313
     272
     317
     274
     257
     294
     297
     269
     311
     286
     274
     290
     267
     315
     297
     285
     285
     284
     309
     313
     303
     274
     264
     252
     268
     299
     304
     286
     281
     288
     297
     275
     264
     300
     295
     295
     269
     266
     293
     276
     279
     289
     295
     283
     299
     290
     282
     275
     262
     298
     297
     270
     303
     294
     311
     264
     316
     285
     315
     294
     297
     344
     262
     303
     317
     298
     320
     307
     294
     251
     291
     301
     288
     317
     315
     289
     301
     273
     303
     297
     300
     276
     302
     325
     301
     317
     251
     294
     272
     266
     293
     285
     298
     304
     307
     304
     290
     293
     301
     269
     291
     310
     291
     317
     269
     307
     285
     305
     317
     306
     310
     278
     277
     300
     320
     289
     264
     309
     276
     293
     278
     258
     304
     297
     267
     303
     313
     301
     316
     298
     334
     294
     282
     321
     282
     325
     317
     304
     291
     321
     317
     317
     297
     323
     316
     334
     339
     350
     312
     289
     323
     316
     311
     331
     276
     287
     317
     347
     294
     331
     288
     287
     317
     313
     327
     293
     298
     309
     316
     318
     306
     293
     330
     324
     316
     287
     332
     366
     305
     315
     304
     335
     369
     329
     322
     333
     335
     323
     292
     320
     298
     311
     294
     331
     319
     351
     321
     292
     321
     346
     337
     307
     321
     347
     328
     343
     317
     319
     339
     325
     323
     321
     344
     334
     337
     315
     336
     364
     338
     359
     316
     332
     315
     315
     361
     315
     358
     349
     348
     333
     330
     324
     343
     353
     306
     356
     352
     345
     342
     373
     356
     363
     342
     344
     348
     354
     363
     334
     304
     350
     344
     346
     371
     373
     365
     354
     321
     338
     362
     324
     334
     345
     382
     380
     345
     334
     390
     362
     348
     340
     350
     369
     341
     342
     323
     323
     356
     349
     343
     360
     350
     364
     352
     357
     307
     327
     328
     348
     310
     326
     335
     309
     294
     313
     284
     279
     271
     334
     291
     309
     286
     270
     273
     277
     273
     258
     271
     268
     248
     292
     283
     263
     284
     285
     239
     253
     278
     300
     341
     321
     352
     343
     340
     352
     331
     358
     396
     560
     660
     787
     924
    1039
    1264
    1584
    2052
    3004
    4916
    7830
   11675
   15243
   16570
   14646
   10984
    6756
    3520
    1644
     807
     436
     329
     294
     244
     246
     286
     252
     258
     237
     217
     228
     223
     246
     261
     250
     211
     239
     256
     255
     248
     251
     235
     237
     225
     225
     246
     228
     221
     221
     221
     219
     233
     212
     246
     243
     234
     233
     230
     203
     231
     219
     215
     228
     169
     225
     232
     209
     201
     195
     213
     201
     227
     230
     197
     220
     196
     216
     224
     191
     199
     220
     213
     179
     190
     208
     204
     199
     197
     204
     199
     190
     200
     204
     227
     213
     191
     199
     212
     210
     181
     183
     194
     210
     186
     223
     192
     180
     189
     175
     168
     194
     195
     174
     190
     183
     194
     179
     185
     213
     205
     211
     189
     187
     181
     162
     176
     172
     188
     172
     183
     180
     185
     185
     157
     198
     169
     169
     186
     180
     176
     170
     178
     172
     169
     180
     181
     163
     170
     157
     159
     182
     201
     191
     180
     168
     177
     169
     178
     171
     163
     174
     176
     177
     179
     176
     158
     163
     173
     155
     149
     172
     153
     147
     155
     151
     159
     155
     152
     140
     158
     157
     150
     179
     149
     154
     163
     122
     163
     146
     144
     182
     160
     159
     155
     147
     150
     126
     148
     148
     146
     136
     138
     155
     140
     139
     145
     148
     148
     151
     128
     134
     139
     141
     152
     129
     144
     153
     127
     132
     139
     127
     152
     153
     136
     135
     144
     130
     133
     140
     119
     150
     125
     129
     132
     145
     126
     128
     118
     124
     126
     132
     131
     102
     138
     126
     130
     137
     112
     129
     115
     132
     133
     130
     127
     130
     113
     132
     117
     121
     141
     118
     134
     134
     135
     132
     121
     130
     128
     114
     140
     128
     130
     114
     139
     123
     109
     132
      97
     109
     119
     112
     136
      92
     107
     131
     123
      96
     123
     130
     129
     111
     145
     114
     119
     118
     114
     120
     107
     130
     115
     113
     125
     103
     112
     112
     105
     109
     114
      96
     129
     110
     121
     121
      98
      98
     120
     118
     138
      97
      92
     129
     121
     106
      99
     108
     104
     100
     101
      97
     119
     122
     111
     127
      83
     110
     107
      96
     111
     107
     117
     104
      94
     109
     115
     104
     112
      79
     104
     110
     109
     127
     104
      95
     106
     115
     126
      97
     122
     119
     101
     113
     110
     111
     101
     109
     116
     105
      88
     108
     120
     110
     110
     126
     103
     101
      97
      87
      93
     129
     108
     121
     103
     115
     103
     123
      98
      96
     107
     100
      98
     110
     102
     113
     115
     110
     121
     107
     121
     143
     186
     196
     179
     188
     158
     146
     108
     122
     107
     103
      85
      90
      86
     108
     108
     102
     100
     121
     101
     111
      99
     107
     103
     108
     121
     106
      97
      96
      98
     103
     115
     107
     104
     108
      82
     103
     114
     109
     105
     107
      86
      92
     107
     104
     100
      95
     108
     102
     107
     120
      96
      97
     110
     104
      97
     102
      89
     106
     119
      91
     109
     111
     114
      81
      86
      85
     105
      87
     108
      87
     101
     118
      98
      84
      96
     106
     102
     109
      98
     107
     103
      99
      96
     114
     105
     104
      97
      89
     103
     108
      96
      96
     110
     100
      86
      86
      99
     100
      94
     102
      87
     101
      89
      84
      96
      87
      98
     114
      89
     105
      97
      96
      84
      98
     113
     102
      92
      92
      93
      96
     113
     104
     114
      97
     100
     103
     104
      91
      93
     103
     109
      84
     104
     112
      89
     128
     101
     109
     102
      97
     113
     117
     103
     116
     108
     165
     157
     148
     189
     186
     234
     328
     471
     570
     715
     919
    1154
    1376
    1836
    2553
    3820
    6325
    9787
   14235
   18198
   20061
   18774
   14549
    9684
    5455
    2660
    1160
     471
     255
     173
     155
     139
     150
     118
     132
     124
     140
     114
     107
     130
     110
     112
     107
     104
     105
     103
     103
     109
     103
      81
      97
     100
      88
     100
      98
      97
      93
      81
      87
      75
      99
      91
     106
      95
      77
      81
      98
      94
      87
      85
      82
      85
      77
      83
      77
      85
      82
      95
      78
     103
      90
      91
      84
      71
      99
      79
      85
      84
      80
      74
      73
      87
      87
      84
      89
      74
      83
      76
      76
      72
      68
      73
      71
      66
      92
      82
      79
      66
      83
      80
      65
      72
      76
      78
      71
      89
      80
      72
      73
      85
      78
      78
      81
      65
      85
      78
      66
      74
      76
      72
      69
      82
      77
      74
      85
      70
      72
      84
      72
      77
      70
      75
      78
      74
      70
      58
      74
      75
      75
      69
      69
      74
      68
      71
      80
      68
      72
      62
      66
      87
      79
      58
      74
      59
      78
      60
      58
      70
      76
      65
      71
      78
      74
      74
      70
      77
      79
      61
      63
      68
      86
      72
      53
      61
      53
      60
      65
      74
      73
      73
      78
      69
      68
      62
      72
      59
      73
      55
      67
      74
      75
      62
      73
      80
      72
      68
      54
      65
      66
      72
      61
      51
      51
      67
      72
      60
      47
      42
      62
      66
      57
      53
      71
      63
      57
      64
      68
      66
      59
      58
      75
      76
      73
      63
      56
      60
      55
      64
      73
      58
      67
      70
      74
      63
      70
      60
      60
      54
      48
      65
      60
      56
      59
      65
      56
      67
      53
      54
      65
      56
      81
      61
      54
      64
      57
      63
      64
      62
      60
      48
      68
      59
      73
      43
      57
      57
      50
      55
      64
      53
      59
      55
      63
      76
      51
      58
      61
      56
      58
      69
      62
      57
      71
      39
      71
      57
      49
      62
      58
      66
      49
      48
      61
      75
      62
      66
      60
      56
      48
      52
      47
      44
      52
      61
      52
      50
      59
      53
      62
      56
      38
      61
      52
      58
      56
      53
      59
      57
      54
      56
      71
      49
      46
      61
      54
      50
      53
      59
      46
      57
      56
      58
      56
      65
      59
      53
      47
      55
      62
      41
      65
      46
      43
      57
      56
      51
      61
      71
      45
      36
      49
      52
      66
      59
      55
      63
      67
      50
      57
      43
      66
      56
      45
      66
      52
      57
      49
      49
      63
      52
      57
      55
      49
      51
      62
      63
      53
      55
      61
      48
      57
      47
      56
      46
      51
      51
      39
      62
      57
      53
      52
      66
      64
      65
      57
      52
      56
      59
      55
      63
      61
      62
      77
      54
      59
      51
      65
      54
      53
      55
      48
      54
      55
      46
      50
      36
      53
      55
      68
      48
      46
      44
      53
      42
      49
      53
      56
      33
      56
      47
      53
      58
      63
      58
      54
      58
      50
      52
      43
      39
      43
      57
      51
      61
      46
      51
      56
      51
      56
      49
      52
      50
      46
      53
      51
      52
      50
      42
      47
      60
      58
      66
      43
      59
      54
      56
      47
      53
      47
      64
      61
      54
      58
      53
      57
      63
      41
      65
      47
      61
      50
      62
      56
      49
      58
      56
      41
      54
      62
      45
      64
      55
      52
      48
      45
      50
      60
      47
      51
      41
      53
      46
      48
      54
      61
      50
      42
      42
      44
      57
      45
      42
      48
      63
      53
      41
      52
      46
      60
      48
      50
      63
      54
      56
      60
      50
      54
      51
      58
      51
      52
      56
      60
      45
      69
      57
      50
      42
      55
      60
      51
      49
      57
      51
      50
      51
      57
      50
      47
      47
      61
      48
      49
      43
      58
      59
      44
      55
      53
      54
      52
      68
      64
      58
      46
      58
      50
      54
      43
      47
      51
      47
      64
      45
      42
      47
      55
      45
      61
      53
      42
      69
      40
      48
      52
      48
      57
      69
      42
      58
      54
      69
      59
      56
      54
      67
      66
      79
      96
     109
     128
     140
     146
     241
     266
     375
     531
     820
    1175
    1599
    1893
    2023
    1958
    1573
    1151
     633
     380
     187
     103
      70
      66
      62
      57
      53
      68
      53
      62
      56
      56
      41
      50
      52
      51
      66
      52
      64
      50
      47
      55
      54
      42
      61
      59
      62
      56
      52
      43
      46
      56
      53
      57
      42
      52
      41
      41
      63
      51
      52
      33
      50
      51
      41
      52
      45
      45
      52
      54
      55
      52
      43
      46
      46
      43
      53
      55
      54
      65
      47
      55
      57
      42
      46
      48
      45
      41
      51
      50
      53
      48
      56
      41
      42
      41
      43
      49
      36
      44
      35
      41
      46
      43
      43
      36
      42
      43
      45
      57
      49
      46
      65
      47
      57
      56
      48
      51
      51
      43
      34
      40
      51
      60
      49
      49
      45
      41
      48
      42
      45
      55
      44
      48
      37
      64
      42
      43
      42
      43
      42
      38
      55
      47
      48
      40
      48
      45
      44
      52
      43
      49
      48
      50
      33
      45
      42
      40
      44
      52
      57
      47
      40
      46
      44
      53
      53
      30
      45
      47
      35
      39
      46
      42
      43
      48
      36
      41
      60
      35
      55
      40
      40
      52
      46
      37
      43
      35
      48
      45
      35
      54
      44
      40
      56
      43
      38
      51
      41
      45
      54
      48
      40
      44
      33
      39
      42
      47
      57
      52
      53
      51
      39
      38
      46
      44
      45
      43
      45
      36
      47
      32
      49
      34
      58
      34
      35
      37
      45
      35
      47
      43
      48
      33
      49
      43
      43
      34
      51
      43
      32
      38
      43
      49
      30
      37
      47
      44
      50
      38
      42
      40
      50
      46
      31
      41
      47
      42
      44
      50
      42
      54
      42
      40
      38
      53
      36
      41
      62
      64
      52
      73
      89
      95
     131
     128
     120
     140
     111
     114
     102
      87
      76
      52
      63
      48
      51
      45
      57
      39
      42
      36
      45
      50
      40
      44
      30
      34
      36
      39
      36
      34
      31
      39
      29
      38
      48
      36
      56
      35
      45
      44
      41
      26
      36
      41
      33
      48
      48
      43
      42
      41
      44
      40
      41
      41
      34
      51
      45
      33
      34
      59
      40
      50
      46
      40
      52
      51
      34
      39
      42
      35
      50
      43
      38
      26
      37
      45
      42
      56
      48
      36
      28
      44
      39
      43
      42
      43
      45
      41
      38
      32
      39
      41
      39
      33
      36
      36
      42
      41
      39
      40
      44
      51
      38
      38
      32
      33
      38
      32
      27
      31
      33
      46
      40
      56
      39
      31
      38
      46
      43
      37
      49
      48
      39
      54
      45
      34
      57
      32
      42
      51
      35
      37
      52
      37
      39
      46
      43
      52
      49
      45
      64
      40
      37
      45
      32
      37
      37
      50
      43
      37
      33
      32
      44
      43
      28
      44
      38
      51
      42
      35
      45
      36
      25
      32
      28
      37
      51
      42
      45
      40
      34
      52
      44
      37
      44
      46
      41
      39
      51
      34
      33
      32
      36
      38
      42
      48
      41
      29
      30
      39
      47
      44
      40
      50
      35
      40
      42
      37
      46
      26
      38
      33
      49
      56
      25
      39
      35
      38
      38
      33
      28
      50
      39
      48
      36
      36
      38
      42
      35
      52
      32
      40
      40
      33
      39
      38
      43
      36
      37
      40
      46
      42
      37
      37
      42
      48
      35
      35
      48
      44
      37
      44
      50
      41
      47
      47
      41
      52
      40
      41
      36
      48
      32
      44
      41
      38
      44
      36
      44
      43
      50
      38
      26
      29
      46
      23
      37
      46
      56
      34
      35
      35
      46
      38
      34
      39
      28
      42
      33
      37
      34
      40
      28
      41
      43
      52
      34
      44
      45
      44
      31
      34
      37
      38
      37
      30
      38
      50
      38
      51
      41
      51
      44
      35
      50
      62
      54
      55
      73
      72
     101
     103
      87
      94
      70
      72
      60
      48
      50
      31
      35
      44
      36
      30
      39
      43
      41
      34
      48
      51
      34
      39
      42
      38
      42
      42
      34
      36
      39
      48
      44
      36
      31
      51
      37
      48
      43
      39
      29
      39
      41
      41
      42
      49
      46
      45
      33
      41
      32
      32
      33
      39
      26
      43
      39
      33
      36
      30
      45
      50
      38
      42
      41
      48
      40
      38
      36
      32
      52
      51
      31
      39
      37
      42
      41
      43
      32
      32
      42
      36
      34
      48
      53
      37
      45
      45
      34
      45
      41
      40
      44
      44
      38
      37
      39
      36
      49
      41
      39
      31
      42
      50
      43
      47
      41
      49
      43
      51
      56
      58
      59
      82
      94
      95
     142
     189
     229
     302
     438
     421
     463
     409
     319
     220
     146
     110
      73
      61
      33
      32
      40
      51
      57
      53
      55
      42
      52
      49
      46
      34
      46
      52
      49
      35
      36
      47
      35
      41
      41
      41
      39
      32
      42
      36
      48
      45
      40
      34
      29
      33
      41
      45
      34
      29
      48
      35
      30
      35
      39
      42
      39
      44
      41
      43
      50
      35
      35
      40
      44
      34
      44
      48
      43
      39
      36
      38
      32
      33
      47
      35
      38
      33
      44
      40
      48
      36
      36
      45
      51
      41
      40
      42
      45
      40
      38
      41
      48
      55
      41
      51
      46
      49
      37
      43
      45
      41
      33
      47
      35
      44
      45
      46
      45
      57
      43
      51
      42
      49
      37
      43
      41
      38
      46
      41
      41
      37
      44
      41
      42
      50
      40
      47
      34
      49
      41
      50
      29
      43
      52
      44
      55
      52
      40
      45
      38
      40
      39
      43
      43
      55
      38
      39
      41
      46
      52
      38
      49
      46
      45
      48
      49
      56
      43
      37
      49
      51
      36
      48
      46
      38
      46
      51
      48
      42
      36
      29
      34
      49
      43
      34
      36
      39
      36
      34
      45
      43
      28
      43
      43
      43
      31
      45
      39
      51
      37
      39
      56
      49
      45
      34
      39
      43
      33
      40
      30
      34
      44
      50
      42
      55
      36
      40
      51
      44
      38
      41
      46
      47
      39
      43
      38
      50
      42
      38
      44
      43
      42
      37
      41
      43
      43
      49
      49
      50
      41
      39
      44
      56
      53
      42
      35
      41
      57
      46
      38
      36
      56
      51
      48
      40
      57
      48
      34
      59
      35
      50
      53
      39
      46
      42
      45
      37
      45
      39
      54
      51
      42
      46
      58
      49
      51
      45
      49
      53
      50
      50
      53
      59
      40
      34
      41
      48
      53
      58
      45
      48
      52
      41
      46
      51
      55
      45
      51
      42
      44
      47
      50
      41
      52
      40
      52
      45
      51
      43
      52
      45
      42
      55
      47
      54
      64
      48
      56
      48
      55
      42
      60
      52
      60
      37
      51
      41
      52
      38
      47
      41
      59
      54
      51
      49
      45
      47
      32
      52
      47
      50
      44
      48
      49
      53
      45
      58
      45
      47
      48
      51
      47
      49
      57
      57
      52
      56
      44
      48
      33
      47
      32
      58
      53
      58
      53
      59
      54
      50
      46
      58
      43
      46
      45
      56
      41
      47
      47
      42
      40
      50
      41
      44
      32
      42
      37
      40
      40
      36
      46
      30
      43
      50
      40
      38
      52
      33
      31
      39
      52
      29
      45
      35
      43
      42
      52
      50
      37
      40
      41
      36
      42
      39
      39
      34
      37
      39
      42
      42
      52
      45
      35
      54
      39
      42
      34
      32
      44
      44
      45
      38
      33
      46
      42
      33
      39
      40
      39
      45
      42
      30
      48
      40
      38
      36
      40
      36
      44
      39
      38
      36
      37
      33
      33
      30
      47
      35
      39
      35
      37
      35
      36
      32
      33
      27
      45
      34
      44
      25
      42
      41
      40
      39
      31
      38
      41
      28
      37
      38
      34
      44
      38
      39
      35
      34
      31
      32
      48
      43
      35
      26
      34
      47
      39
      15
      31
      27
      43
      34
      36
      29
      38
      28
      39
      30
      33
      30
      31
      37
      40
      33
      38
      28
      35
      42
      35
      32
      30
      29
      37
      32
      24
      43
      38
      26
      29
      28
      27
      35
      32
      33
      29
      40
      33
      32
      34
      40
      31
      30
      36
      37
      33
      30
      28
      32
      28
      27
      28
      37
      24
      37
      28
      35
      22
      38
      32
      38
      30
      34
      38
      23
      33
      45
      35
      27
      27
      40
      30
      42
      38
      36
      26
      32
      33
      33
      30
      26
      27
      26
      28
      30
      34
      33
      25
      30
      36
      33
      21
      42
      29
      32
      19
      25
      34
      30
      30
      28
      23
      23
      23
      27
      16
      32
      27
      29
      24
      27
      16
      40
      20
      31
      25
      29
      24
      36
      21
      31
      30
      24
      24
      29
      22
      29
      20
      22
      29
      25
      39
      32
      24
      19
      10
      15
      28
      32
      22
      31
      22
      26
      27
      35
      19
      25
      25
      23
      22
      24
      26
      25
      25
      23
      16
      28
      23
      34
      24
      32
      28
      16
      28
      20
      22
      29
      30
      23
      34
      25
      27
      15
      24
      21
      15
      20
      31
      19
      28
      24
      27
      32
      17
      16
      26
      33
      27
      28
      30
      23
      25
      25
      24
      26
      25
      18
      21
      30
      27
      26
      23
      18
      30
      24
      16
      21
      20
      25
      22
      22
      30
      24
      15
      10
      17
      26
      22
      22
      28
      28
      24
      24
      23
      19
      16
      20
      20
      22
      29
      26
      21
      24
      24
      21
      23
      21
      15
      22
      17
      20
      11
      23
      22
      13
      21
      30
      20
      14
      16
      28
      16
      22
      21
      19
      19
      19
      25
      25
      28
      21
      18
      17
      24
      14
      15
      18
      22
      22
      17
      12
      25
       9
      14
      19
      16
      19
      13
      18
      22
      21
      13
      20
      15
      19
      20
      18
      12
      27
      12
      26
      18
      19
      12
      14
      18
      16
      16
      20
      16
      20
      17
      17
      20
      27
      21
      14
      29
      18
      26
      19
      12
      15
      19
      12
      15
      22
      14
      12
      17
       8
      20
      14
      25
      14
      20
      23
      18
      19
      17
      19
      14
      15
      13
      16
      13
       9
      12
      16
      10
      20
      13
      18
      15
       9
      11
      18
      14
      19
      25
      17
      19
      21
      19
      17
      16
      20
      16
      19
      13
      10
      12
      13
      16
      13
      17
      11
      19
      13
      14
      21
      10
      21
      17
      12
      20
      20
      17
      11
      10
      20
      11
      20
      22
      18
      21
      18
      14
      13
      15
      19
      12
      12
      17
      13
      22
      12
      19
      12
      21
      17
      25
      20
      26
       9
      17
       8
      23
      12
      20
       7
      12
      16
      10
      15
      14
      20
      16
      19
      18
      18
      13
      13
      16
      12
      12
      14
      10
      18
      15
      14
      24
      10
      20
      16
      17
      19
      16
      14
      18
      18
      16
      19
      15
      14
      27
      15
      13
      19
      10
      22
      17
       7
      17
      21
      15
      10
      15
      10
      17
      15
      15
       9
      16
       7
      11
      14
      18
      18
      20
      23
      21
      12
      18
      17
      20
      14
      11
      17
      15
      13
      10
      17
      15
      14
      10
      16
      15
       9
      13
      25
      18
      17
      22
      17
      10
      15
      16
      15
      20
      20
      19
      17
      12
      11
      15
      18
      16
      19
      18
      27
      22
      39
      31
      60
      54
      64
     106
     121
     168
     203
     293
     397
     591
     848
    1169
    1596
    1925
    2149
    2203
    2007
    1645
    1223
     800
     438
     232
     115
      66
      46
      30
      26
      20
      25
      18
      21
      28
      13
      23
      19
      21
      18
      11
      18
      19
      17
      13
      22
      18
      18
      18
      14
      10
       9
      12
      19
      16
      17
      16
      15
      21
      17
      14
      18
      24
      11
      25
      20
      12
      21
      23
      15
      16
      16
      24
      15
      17
      12
      16
      10
      13
      15
      16
      21
      14
      14
      19
      17
      13
      17
      20
      18
      20
      15
      17
      15
      11
      20
      22
      19
      17
      20
      16
      15
      11
      12
      16
      15
      20
      10
      13
      21
      16
       8
      21
      16
      25
      10
      16
      11
      17
      13
      22
      14
      17
      11
      20
      12
       9
      15
      15
      18
      14
      23
      12
      19
      10
      14
      15
      12
      19
      16
      10
      16
      14
      16
      14
      15
      23
       8
      15
      14
      13
      15
      12
      27
      12
      12
      12
      16
      13
      21
      11
      22
      17
       6
      10
      19
      21
      13
      13
      14
      13
      20
      14
      24
      15
      19
      15
      13
      19
      10
      14
      15
      16
      18
       9
      22
      22
      17
      10
      17
      20
      21
      18
      13
      17
      10
      17
      16
      14
       6
      11
      15
      13
      18
      10
      11
      11
      15
      13
      21
      13
      14
       9
       5
      12
      15
      14
       7
      19
      15
      12
      14
      12
      11
      13
       9
      17
      16
      16
       9
      16
      16
      16
       5
      12
       8
       7
       9
      13
       9
      12
      12
       8
       9
       9
      16
      12
      16
      13
      11
       9
      23
      11
       7
      14
      12
      13
      12
       2
      17
      18
      11
       8
      14
      13
      10
       8
      10
      13
      13
      14
       7
      14
       8
      12
      12
      12
       5
      13
      11
      12
       9
       9
       9
       9
      10
      14
      13
      11
      16
      16
      14
       7
       7
      12
       9
      13
      12
      10
      10
      11
      10
       6
      14
       9
      10
       8
       5
      10
      10
       9
      10
       9
      12
      10
      13
      12
      15
       8
       7
       4
       8
      14
       7
       5
       8
      16
      10
       7
       8
       6
      24
      11
      13
      10
      19
      14
      14
      12
       8
       6
      11
       9
      12
       9
       6
      16
       6
       6
       6
      10
       9
      10
       8
      11
       9
      11
      12
      10
       9
       4
       9
      11
       1
      11
       7
      10
       7
       9
       9
      14
       3
       2
       7
       9
      12
      11
      11
      13
      10
      11
      13
      10
       9
      11
       7
       9
      11
      14
      12
      11
      14
      13
      10
      11
      11
      10
       9
      10
       3
      11
       7
       9
       6
       9
      14
      10
       7
      13
       7
       4
       6
      11
       9
       8
       7
       7
       5
       8
       9
      10
       9
      12
       7
       8
      12
       9
      15
      12
      13
       5
      12
      19
       6
       7
       7
       5
       6
      10
       7
       6
       7
       9
      13
      11
       8
      16
       7
       6
       7
       9
      10
       9
       7
       9
       9
       4
       8
      15
       7
      10
      12
      12
       8
       3
      14
      11
       5
       8
       7
      10
      14
      16
      12
      12
       7
       9
       7
       7
       5
      13
       5
      11
      10
       5
      10
       8
       5
      11
      11
       6
       6
       7
       7
       7
       5
      10
      10
      10
       9
      10
      15
       5
       8
      10
       4
       6
       6
       8
      12
      10
      12
       4
       8
      12
      12
      11
      10
       8
       6
      11
      12
       6
       7
       7
       8
       7
       8
      10
      15
       6
      16
       5
       5
       6
      11
       8
      10
       9
      11
       8
      12
       6
       5
       7
      11
       7
       5
       9
      13
       6
       7
      12
      15
      10
       7
       6
       4
      10
       8
      13
       2
       9
      10
      12
      12
      12
       6
       7
       9
       4
      10
       5
      11
       1
       7
       5
       9
      10
       3
       9
       7
       9
      10
       6
       8
       8
       5
       8
       9
       7
       5
       6
       6
      11
       7
       9
       4
       5
       9
       9
       8
      10
      10
       4
       6
       5
       8
       4
      12
       5
      11
       3
       4
       2
       3
       8
      12
       6
       9
       5
      10
       7
       9
       8
       4
       5
       8
       9
       7
       9
       5
       9
      11
       6
      10
       9
       5
       6
       7
       8
       9
       7
       6
       9
      14
       9
       8
       6
       4
       9
       4
       6
       2
       4
       5
       8
       2
       4
       4
       6
      11
       5
       7
      14
       9
       7
       5
      10
       7
       8
       5
       6
      16
       6
       6
       5
       9
       3
       5
       4
       4
       7
       3
       7
      13
       6
      12
       7
      12
       7
       9
      13
      14
       8
       7
       8
       6
       4
       9
       5
       5
       9
      16
      13
      11
       6
      12
      10
       8
       8
       5
       8
       4
      11
       9
      10
       6
       3
      13
       6
       6
       6
       7
       7
      10
       8
       8
       5
       3
       4
       4
       7
      10
       5
       8
       4
      10
       2
       5
       8
       9
       6
      10
       7
       7
       7
      10
      10
       7
       3
       9
       6
       2
       6
       6
       7
       3
       5
       5
       8
       3
       8
       8
       6
       3
       5
       6
       3
       5
      11
       9
       5
      10
       4
       3
       8
       9
       7
       9
       6
       9
       5
       4
       9
       9
       7
      12
      18
      12
      22
      23
      40
      46
      63
      78
     118
     140
     145
     182
     165
     146
     108
      81
      51
      39
      19
      10
       9
      10
       7
      10
       3
       5
       4
       4
       4
       9
       7
       5
       4
       5
       6
       5
       2
      10
       7
       6
       3
       9
       4
       4
       8
       8
       4
       6
       7
       7
       4
       5
       1
       1
       4
       2
       6
       3
       4
       6
       4
       2
       6
       6
       3
       3
       3
       7
       3
       1
       7
       4
       5
       3
       2
       3
       6
       3
       6
       1
       7
       4
       1
       3
       2
       3
       2
       4
       3
       1
       6
       7
       4
       2
       7
       8
       4
       2
       1
       4
       5
       4
       4
       5
       2
       3
       5
       3
       7
       6
       6
       4
       6
       7
       4
       2
       3
       5
       7
       7
       3
       9
       5
       5
       1
       6
       2
       8
       4
       4
       1
       4
       5
       8
       2
       1
       3
       5
       3
       5
       3
       3
       3
       3
       2
       5
       3
       2
       2
       5
       1
       2
       4
       2
       3
       3
       5
       4
       6
       2
       5
       7
       4
       1
       4
       6
       4
       1
       2
       2
       5
       5
       1
       2
       2
       3
       4
       6
       2
       2
       4
       2
       6
       0
       2
       7
       2
       1
       6
       3
       8
       4
       4
       3
       3
       3
       5
       4
       3
       2
       4
       4
       2
       2
       1
       5
       1
       2
       3
       3
       4
       3
       5
       7
       8
       4
       3
       3
       4
       4
       5
       4
       1
       5
       0
      10
       5
       5
       3
       2
       2
       3
       2
       5
       2
       3
       2
       8
       4
       5
       6
       3
       1
       2
       4
       5
       7
       6
       4
       3
       4
       5
       0
       9
       3
       4
       5
       4
       8
       3
       2
       1
       4
       1
       1
       3
       2
       2
       1
       1
       4
       3
       2
       2
       0
       8
       5
       0
       3
       2
       3
       7
       2
       3
       0
       4
       4
       4
       3
       3
       2
       2
       2
       3
       5
       2
       6
       3
       4
       3
       3
       4
       3
       0
       1
       4
       4
       1
       1
       1
       3
       1
       5
       9
       4
       2
       2
       4
       4
       8
       5
       8
       2
       4
       5
       1
       1
       6
       1
       2
       2
       2
       7
       5
       6
       3
       4
       2
       1
       7
       4
       0
       1
       1
       6
       7
       3
       2
       3
       2
       3
       5
       4
       5
       3
       3
       1
       5
       1
       4
       4
       2
       0
       8
       6
       4
       4
       5
       5
       6
       4
       0
       3
       3
       4
       2
       2
       7
       3
       4
       5
       5
       4
       4
       5
       4
       2
       5
       7
       8
      15
       8
      15
       8
      22
      23
      29
      47
      47
      66
      55
      53
      47
      41
      27
      12
       8
       5
      10
       2
       6
       2
       3
       4
       5
       3
       3
      11
       2
       2
       3
       7
       2
       1
       3
       2
       3
       1
       1
       5
       4
       3
       5
       4
       3
       2
       3
       5
       8
       2
       4
       3
       3
       4
       3
       3
       5
       4
       6
       1
       5
       2
       2
       5
       0
       3
       6
       3
       3
       4
       2
       3
       3
       5
       4
       6
       3
       4
       3
       4
       3
       3
       2
       2
       1
       4
       1
       1
       5
       2
       4
       2
       1
       3
       3
       2
       1
       1
       1
       7
       1
       2
       2
       3
       1
       2
       1
       4
       4
       3
       2
       0
       6
       4
       6
       3
       4
       5
       3
       3
       5
       2
       3
       2
       2
       3
       4
       2
       1
       4
       2
       4
       3
       3
       3
       5
       1
       6
       4
       5
       7
       0
       6
       4
       3
       4
       2
       1
       2
       4
       1
       4
       3
       1
       0
       5
       4
       4
       3
       3
       3
       5
       6
       5
       1
       1
       8
       3
       2
       5
       1
       3
       2
       5
       2
       3
       3
       2
       1
       2
       0
       4
       3
       1
       1
       4
       3
       0
       4
       2
       2
       1
       2
       2
       2
       0
       5
       2
       5
       0
       2
       2
       1
       1
       0
       3
       4
       0
       3
       0
       0
       3
       2
       5
       0
       1
       1
       0
       3
       1
       2
       2
       0
       1
       2
       2
       2
       1
       1
       1
       0
       2
       2
       2
       1
       0
       1
       1
       2
       1
       4
       3
       3
       1
       3
       1
       3
       4
       3
       0
       2
       3
       5
       2
       4
       2
       2
       2
       6
       3
       1
       1
       2
       5
       3
       4
       2
       1
       3
       0
       0
       3
       2
       0
       4
       2
       0
       3
       0
       0
       5
       3
       3
       3
       2
       1
       0
       3
       4
       2
       1
       1
       6
       1
       3
       2
       1
       1
       1
       0
       2
       1
       3
       1
       3
       2
       2
       6
       3
       2
       4
       3
       3
       5
       3
       0
       3
       2
       3
       0
       4
       3
       0
       0
       3
       5
       3
       1
       6
       3
       3
       1
       5
       1
       0
       1
       1
       5
       2
       2
       2
       4
       0
       1
       2
       2
       2
       2
       2
       1
       1
       2
       4
       0
       2
       2
       1
       0
       1
       0
       1
       4
       1
       0
       3
       1
       0
       3
       3
       1
       1
       1
       1
       2
       5
       2
       0
       2
       1
       5
       0
       0
       4
       0
       0
       4
       0
       1
       2
       4
       2
       0
       1
       2
       4
       0
       2
       0
       5
       3
       2
       1
       0
       4
       0
       0
       0
       0
       1
       3
       2
       5
       2
       1
       2
       2
       3
       1
       0
       2
       1
       2
       1
       2
       1
       0
       4
       0
       1
       2
       3
       2
       1
       1
       2
       2
       1
       2
       1
       2
       2
       2
       3
       3
       2
       1
       1
       3
       1
       2
       1
       1
       1
       3
       0
       2
       1
       1
       7
       1
       0
       3
       0
       2
       1
       1
       3
       4
       2
       1
       2
       3
       0
       2
       3
       2
       0
       3
       2
       1
       0
       3
       1
       0
       0
       2
       3
       1
       1
       2
       4
       0
       1
       1
       5
       2
       1
       1
       2
       1
       2
       3
       1
       1
       1
       1
       2
       1
       2
       1
       2
       0
       0
       1
       3
       0
       0
       2
       2
       4
       1
       3
       3
       3
       1
       1
       4
       2
       2
       1
       0
       0
       2
       1
       0
       1
       0
       1
       3
       1
       0
       0
       1
       1
       0
       3
       0
       0
       4
       4
       3
       1
       0
       0
       0
       0
       3
       3
       0
       2
       2
       2
       3
       2
       1
       0
       1
       1
       1
       0
       0
       0
       2
       0
       2
       1
       0
       2
       1
       0
       4
       0
       1
       1
       1
       1
       0
       1
       1
       2
       0
       3
       1
       2
       2
       0
       3
       0
       3
       2
       2
       3
       1
       0
       0
       0
       1
       1
       0
       2
       0
       2
       0
       0
       2
       2
       3
       1
       1
       4
       3
       0
       2
       1
       2
       2
       0
       1
       1
       1
       1
       0
       2
       1
       4
       0
       1
       2
       0
       0
       2
       1
       1
       2
       1
       3
       2
       1
       0
       2
       2
       1
       3
       1
       0
       2
       0
       2
       1
       0
       1
       1
       3
       1
       1
       1
       1
       2
       1
       0
       0
       1
       2
       0
       2
       2
       3
       0
       3
       4
       1
       0
       1
       0
       1
       1
       2
       1
       2
       0
       1
       1
       3
       1
       0
       0
       2
       1
       1
       2
       1
       2
       2
       1
       0
       0
       0
       3
       3
       3
       5
       1
       0
       2
       2
       0
       1
       0
       0
       0
       1
       1
       0
       0
       2
       1
       2
       1
       1
       2
       2
       1
       0
       0
       1
       0
       0
       4
       1
       1
       2
       4
       2
       1
       0
       0
       0
       2
       2
       3
       2
       1
       0
       0
       1
       2
       1
       0
       2
       0
       4
       1
       2
       4
       4
       5
       8
      10
       7
      18
      16
      24
      28
      31
      23
      24
      22
      19
       9
       9
       9
       2
       4
       2
       3
       1
       0
       1
       1
       0
       0
       3
       1
       1
       0
       0
       2
       1
       0
       0
       2
       2
       0
       0
       0
       1
       0
       0
       3
       1
       4
       0
       2
       1
       0
       1
       0
       2
       1
       3
       1
       0
       0
       3
       0
       2
       2
       1
       0
       4
       2
       1
       0
       1
       0
       0
       3
       2
       0
       1
       3
       1
       2
       1
       2
       1
       0
       0
       0
       3
       3
       1
       0
       2
       1
       0
       1
       1
       1
       1
       3
       0
       1
       0
       1
       3
       1
       1
       0
       0
       2
       1
       0
       0
       2
       0
       2
       0
       1
       0
       0
       1
       1
       0
       2
       1
       1
       0
       1
       0
       1
       0
       0
       1
       1
       0
       0
       3
       2
       0
       2
       2
       1
       0
       3
       5
       0
       1
       0
       1
       1
       1
       0
       2
       1
       0
       1
       2
       2
       0
       1
       1
       1
       3
       1
       0
       1
       0
       2
       0
       0
       3
       0
       2
       3
       2
       3
       1
       0
       1
       0
       2
       0
       3
       1
       0
       3
       1
       2
       2
       0
       2
       0
       2
       0
       1
       1
       0
       2
       3
       1
       3
       0
       3
       0
       0
       0
       0
       0
       2
       0
       1
       0
       0
       0
       1
       0
       1
       0
       0
       0
       1
       0
       0
       1
       0
       1
       3
       1
       2
       0
       0
       1
       0
       1
       1
       1
       1
       4
       0
       1
       5
       1
       1
       2
       2
       1
       0
       1
       6
       0
       0
       0
       2
       1
       0
       1
       1
       1
       0
       1
       1
       0
       3
       0
       0
       0
       2
       2
       0
       1
       0
       1
       2
       0
       2
       0
       0
       2
       0
       1
       0
       0
       0
       2
       0
       4
       2
       2
       0
       0
       1
       1
       1
       1
       2
       1
       3
       1
       1
       0
       1
       0
       0
       1
       1
       3
       0
       0
       1
       2
       1
       0
       1
       0
       1
       0
       0
       2
       1
       0
       1
       1
       2
       0
       2
       0
       1
       0
       1
       2
       0
       2
       0
       1
       1
       1
       2
       1
$ROI:
10
841 863
989 1015
1843 1877
3280 3317
3722 3769
4085 4128
4726 4767
6478 6663
7381 7558
7976 7988
$PRESETS:
Real Time
600
0
$ENER_FIT:
-0.062992 0.355624
$MCA_CAL:
3
-6.299250E-002 3.556245E-001 2.076740E-008 keV
$SHAPE_CAL:
3
2.404718E+000 1.018959E-003 -5.571540E-008
