$SPEC_ID:
No sample description was entered.
$SPEC_REM:
DET# 8
DETDESC# Detector #8 - 80% HPGe (Matchmaker MCB 1)
AP# Maestro Version 7.01
$DATE_MEA:
11/19/2025 10:10:04
$MEAS_TIM:
593 600
$DATA:
0 8191
       0
       0
       0
       0
       0
       0
       0
       0
       0
       0
       0
       0
       0
       0
       0
       0
       0
       0
       0
       0
       0
       0
       0
       0
       0
       0
       0
       0
       0
       0
       0
       0
       0
       0
       0
       0
       0
       0
       0
       0
       0
       0
       0
       0
       0
       0
       0
       0
       0
       0
       2
      41
     105
      97
      73
      83
      83
      84
      85
      89
      77
      63
      80
      88
      64
      90
      75
      73
      82
      74
      80
      78
      70
      72
      73
      76
      71
      72
      79
      66
      77
      67
      80
      75
      61
      55
      66
      69
      84
      64
      66
      64
      58
      83
      68
      69
      70
      65
      74
      78
      53
      78
      75
      63
      60
      73
      84
      72
      61
      73
      59
      57
      54
      59
      77
      67
      65
      67
      60
      58
      65
      61
      64
      73
      78
      69
      46
      63
      78
      66
      59
      80
      54
      61
      64
      60
      67
      69
      60
      65
      62
      59
      54
      53
      64
      50
      65
      61
      59
      71
      74
      66
      67
      64
      61
      61
      58
      71
      69
      67
      51
      58
      58
      62
      59
      64
      58
      62
      73
      54
      85
      59
      61
      78
      64
      64
      64
      76
      63
      60
      54
      47
      62
      47
      74
      67
      64
      50
      68
      73
      72
      62
      65
      69
      72
      61
      67
      71
      67
      61
      69
      59
      57
      75
      77
      66
      67
      62
      82
      87
      91
      79
      74
      74
      73
      94
      67
      69
      68
      73
      71
      69
      67
      69
      64
      76
      65
      72
      88
      67
      74
      57
      66
      84
      77
      73
      64
      80
      86
      92
      81
      72
      82
      76
      71
      72
      78
      61
      72
      66
      83
      75
      82
      68
      62
      81
      70
      70
      61
      62
      77
      62
      78
      70
      67
      84
      78
      62
      90
      80
      63
      66
      65
      89
      80
      75
      78
      66
      64
      56
      64
      85
      71
      73
      74
      76
      69
      67
      72
      63
      60
      72
      73
      75
      60
      83
      74
      48
      78
      68
      71
      73
      78
      70
      79
      68
      74
      59
      72
      68
      66
      77
      75
      64
      64
      79
      75
      73
      75
      69
      82
      84
      69
      72
      64
      74
      73
      81
      79
      64
      66
      84
      83
      76
      77
      80
      72
      70
      84
     100
      80
      70
      80
      69
      59
      83
      84
      80
      81
      71
      66
      81
      81
      86
      63
      80
      90
      82
      67
      80
      73
      79
      82
      85
      82
      73
      94
      80
      80
      67
      80
      80
      76
      98
      92
      83
      87
      68
      60
      88
      75
      75
      80
      83
      82
      73
      87
      85
      86
      84
      86
      78
      67
      84
      84
     100
      78
      82
      81
      86
      82
      91
      69
      74
      78
      88
      81
      80
      72
      78
      83
      92
      76
      80
      75
      68
      82
      91
      60
      63
      81
      65
      78
      95
      84
      83
      78
      93
      65
      98
      66
      78
      69
      73
      62
      81
      67
      73
      82
      69
      78
      77
      77
      72
      68
      85
      96
      79
      76
      68
      71
      93
      88
     113
      81
      77
      86
      81
      77
      75
      80
      77
      74
      74
      83
      62
      73
      74
      76
      65
      79
      58
      84
      87
      81
      93
      79
      73
      68
      89
      72
      71
      70
      67
      78
      73
      83
      85
      70
      91
      80
      76
      85
      83
      71
      81
      64
      71
      66
      69
      79
      76
      81
      88
      68
      64
      59
      72
      63
      85
      83
      88
      81
      64
      73
      76
      64
      73
      61
      77
      68
      80
      65
      91
      94
      76
      65
      75
      69
      85
      86
      75
      89
      52
      77
      78
      80
      78
      93
      64
      91
      90
      58
      73
      72
      84
      91
      88
      66
      72
      89
      84
      94
      79
      85
     100
      88
     102
      90
      88
      98
      83
      83
      90
     103
      96
     103
     104
     103
      92
     115
      88
      97
      93
     111
      94
     116
     113
      86
      95
      98
      96
     101
     105
     103
      96
      90
      86
     102
      92
      89
     102
      81
      92
     106
     101
     105
     105
      84
      88
     102
     105
     101
     109
      93
      90
      95
      95
     110
      89
      97
      97
      80
      83
      94
      89
      80
      87
      91
      83
      99
      78
      82
      97
      99
      71
      88
      92
      90
      74
      90
     110
      85
      75
     103
      96
      97
      89
      64
     105
      81
      87
      89
      82
      86
      88
      70
      85
      87
      97
      76
      89
      87
      92
      83
      86
      85
      80
      99
      86
      90
      77
      61
      98
      81
      85
      87
      73
      84
      98
      70
      86
      87
     102
     101
      93
      73
      94
      90
      94
      97
      82
      91
      79
      91
      76
      77
      64
      78
      93
      77
      85
      64
      74
      86
      79
      76
     103
      98
      84
      82
      75
      72
      86
      76
      79
      83
      83
      66
      74
      71
      85
      74
      76
      85
      76
      86
      79
      74
      83
      95
      89
      80
      76
      76
      64
      68
      88
      70
      81
      65
      77
      79
      67
      76
      87
      73
      63
      86
      75
     102
      81
      67
      86
      73
      63
      66
      90
      68
      69
      67
      75
      60
      79
      71
      75
      71
      86
      56
      72
      76
      52
      59
      61
      77
      80
      69
      57
      74
      65
      72
      78
      60
      72
      85
      57
      73
      63
      81
      69
      62
      66
      61
      73
      72
      69
      75
      61
      68
      72
      62
      70
      75
      50
      63
      71
      78
      66
      74
      55
      69
      77
      79
      69
      74
      63
      66
      64
      73
      70
      71
      71
      60
      61
      62
      64
      57
      62
      77
      60
      57
      67
      63
      64
      65
      51
      51
      69
      53
      60
      70
      66
      66
      79
      68
      47
      58
      64
      54
      63
      64
      62
      63
      50
      65
      71
      59
      66
      72
      67
      77
      68
      65
      72
      76
      71
      66
      43
      51
      56
      65
      73
      69
      67
      51
      59
      64
      73
      51
      56
      63
      58
      58
      53
      59
      58
      55
      53
      49
      67
      51
      55
      56
      52
      69
      67
      65
      48
      60
      63
      66
      63
      53
      56
      73
      67
      71
      67
      82
      60
      55
      58
      62
      59
      61
      53
      55
      56
      50
      59
      63
      64
      53
      64
      62
      62
      66
      53
      69
      62
      68
      57
      52
      52
      57
      49
      66
      59
      61
      51
      54
      54
      67
      55
      48
      53
      48
      49
      55
      45
      65
      74
      56
      59
      55
      48
      58
      66
      57
      55
      62
      64
      52
      58
      49
      60
      48
      51
      62
      58
      61
      63
      54
      65
      60
      62
      60
      57
      62
      65
      57
      62
      50
      51
      54
      46
      53
      56
      58
      62
      51
      59
      54
      57
      57
      67
      45
      49
      70
      66
      45
      62
      46
      61
      58
      62
      50
      50
      58
      58
      49
      63
      53
      60
      68
      62
      52
      66
      55
      57
      55
      51
      49
      56
      50
      62
      64
      59
      59
      60
      58
      59
      56
      58
      55
      40
      52
      48
      52
      54
      47
      55
      51
      70
      38
      58
      46
      62
      53
      73
      58
      51
      52
      52
      50
      65
      56
      62
      61
      46
      47
      43
      69
      53
      60
      47
      55
      54
      57
      47
      44
      53
      59
      56
      47
      52
      59
      53
      58
      44
      56
      56
      59
      55
      58
      56
      57
      53
      55
      47
      58
      55
      68
      46
      52
      53
      46
      42
      45
      54
      63
      53
      54
      52
      57
      59
      63
      52
      69
      61
      58
      45
      61
      59
      55
      59
      69
      44
      53
      49
      36
      48
      42
      67
      56
      60
      44
      56
      58
      49
      51
      59
      63
      53
      42
      72
      60
      57
      52
      57
      58
      60
      43
      54
      59
      39
      57
      57
      45
      55
      56
      57
      56
      55
      54
      48
      45
      40
      49
      58
      51
      45
      59
      59
      45
      52
      36
      39
      42
      49
      54
      55
      46
      61
      55
      47
      63
      65
      56
      62
      41
      40
      50
      67
      43
      49
      40
      53
      65
      59
      53
      65
      57
      48
      66
      54
      45
      63
      46
      50
      43
      49
      53
      48
      61
      56
      51
      37
      59
      44
      54
      56
      45
      46
      49
      52
      49
      49
      52
      60
      56
      53
      56
      50
      51
      48
      52
      48
      46
      63
      64
      36
      54
      46
      43
      44
      41
      49
      45
      46
      49
      45
      51
      55
      47
      53
      45
      50
      61
      43
      53
      48
      46
      42
      49
      65
      47
      47
      64
      47
      51
      48
      36
      53
      58
      51
      56
      48
      49
      58
      52
      43
      45
      53
      43
      57
      57
      57
      50
      45
      55
      45
      53
      73
      54
      58
      62
      57
      42
      73
      54
      45
      47
      49
      52
      39
      53
      51
      49
      62
      44
      55
      49
      46
      48
      45
      49
      58
      61
      57
      55
      64
      53
      51
      49
      54
      51
      48
      56
      54
      60
      58
      51
      52
      50
      48
      52
      58
      45
      51
      64
      56
      56
      67
      66
      49
      51
      50
      60
      50
      48
      54
      48
      41
      63
      59
      54
      45
      54
      59
      50
      47
      47
      52
      39
      67
      52
      57
      47
      55
      55
      59
      45
      67
      60
      53
      62
      51
      55
      57
      44
      61
      56
      56
      51
      39
      45
      52
      43
      51
      44
      83
      58
      48
      39
      62
      63
      55
      54
      44
      56
      43
      64
      55
      52
      63
      48
      54
      56
      48
      47
      50
      52
      62
      58
      61
      41
      32
      49
      48
      54
      71
      50
      50
      42
      54
      41
      51
      54
      54
      53
      59
      53
      55
      59
      50
      46
      63
      62
      69
      61
      55
      43
      38
      56
      54
      46
      61
      59
      63
      46
      66
      75
      67
      63
      92
      95
      91
      93
      89
      84
      56
      60
      67
      51
      60
      58
      49
      45
      51
      53
      56
      48
      59
      57
      42
      63
      49
      51
      49
      49
      61
      52
      63
      49
      56
      55
      46
      55
      56
      53
      47
      50
      58
      57
      46
      51
      61
      53
      64
      42
      48
      69
      57
      53
      54
      57
      56
      60
      56
      58
      43
      51
      56
      52
      53
      55
      64
      53
      43
      65
      53
      52
      51
      70
      65
      51
      52
      46
      59
      52
      63
      53
      66
      46
      52
      55
      51
      55
      52
      58
      56
      53
      68
      69
      70
      66
      52
      52
      59
      53
      57
      54
      65
      58
      57
      68
      52
      58
      63
      57
      53
      66
      55
      58
      54
      45
      55
      59
      67
      56
      56
      64
      51
      60
      58
      58
      67
      68
      59
      62
      65
      57
      46
      69
      59
      66
      60
      53
      48
      68
      58
      51
      62
      68
      45
      53
      58
      53
      46
      60
      62
      59
      55
      64
      48
      60
      69
      51
      59
      62
      53
      56
      54
      66
      57
      58
      56
      49
      56
      51
      48
      57
      57
      60
      55
      67
      79
      60
      63
      58
      61
      59
      66
      59
      45
      52
      69
      59
      69
      62
      74
      56
      82
      58
      69
      60
      59
      48
      64
      64
      65
      76
      58
      44
      57
      71
      67
      62
      56
      64
      45
      64
      65
      74
      67
      80
      73
      54
      64
      59
      67
      57
      67
      70
      72
      62
      60
      68
      60
      57
      56
      70
      61
      69
      54
      68
      60
      62
      69
      61
      51
      75
      59
      68
      72
      71
      54
      65
      64
      79
      65
      67
      53
      59
      62
      78
      64
      66
      55
      62
      74
      67
      69
      62
      78
      64
      82
      75
      69
      72
      59
      54
      70
      72
      67
      85
      87
      66
      71
      62
      77
      69
      67
      63
      73
      75
      78
      77
      69
      68
      89
      65
      67
      66
      82
      79
      62
      69
      73
      78
      71
      72
      87
      57
      66
      69
      68
      88
      70
      67
      87
      75
      86
      69
      77
      64
      71
      61
      70
      62
      72
      74
      83
      66
      82
      87
      76
      76
      72
      73
      85
      77
      83
      95
      84
      68
      83
     104
      94
      77
      83
      80
      64
      73
      84
      79
      87
      80
      86
      76
      77
      77
      84
      82
      72
      91
      87
      70
      83
      77
      84
      90
      69
      87
      77
      70
      90
      61
      92
      75
      78
      90
      87
      72
      82
      91
      87
      76
     102
      65
      93
      71
      78
      88
      83
      83
      89
      95
      65
      71
      72
      77
      69
      84
      65
      68
      86
      62
      68
      75
      63
      64
      59
      71
      53
      60
      46
      62
      52
      70
      57
      54
      55
      53
      53
      56
      65
      61
      60
      48
      46
      66
      58
      41
      46
      78
      57
      63
      66
      48
      53
      48
      65
      45
      62
      51
      61
      41
      39
      59
      48
      50
      49
      45
      49
      42
      47
      64
      54
      41
      40
      38
      52
      55
      54
      39
      40
      43
      40
      47
      51
      35
      45
      55
      46
      45
      38
      52
      39
      40
      52
      50
      34
      49
      48
      40
      34
      43
      45
      41
      46
      36
      40
      33
      36
      29
      41
      38
      36
      51
      47
      39
      40
      50
      35
      35
      35
      49
      38
      43
      33
      55
      43
      47
      47
      35
      28
      37
      33
      41
      55
      37
      42
      54
      38
      35
      31
      33
      37
      37
      35
      34
      30
      46
      35
      37
      43
      32
      42
      44
      39
      37
      50
      34
      36
      28
      38
      31
      36
      31
      47
      32
      33
      29
      40
      34
      35
      31
      30
      26
      41
      38
      33
      40
      33
      33
      35
      21
      29
      27
      42
      40
      35
      36
      35
      39
      42
      39
      36
      33
      37
      35
      19
      26
      40
      29
      23
      29
      42
      27
      30
      23
      26
      30
      28
      32
      44
      35
      30
      36
      31
      33
      18
      34
      34
      27
      17
      36
      33
      36
      31
      30
      25
      27
      27
      40
      32
      20
      21
      20
      29
      28
      25
      30
      32
      31
      36
      32
      24
      21
      22
      14
      21
      15
      30
      18
      34
      23
      29
      25
      38
      18
      25
      28
      32
      22
      30
      25
      31
      28
      26
      20
      23
      26
      15
      26
      22
      30
      28
      18
      21
      25
      21
      23
      27
      23
      18
      18
      26
      18
      23
      18
      21
      14
      15
      26
      24
      27
      18
      24
      20
      25
      25
      23
      27
      20
      20
      19
      22
      17
      23
      22
      14
      24
      27
      12
      23
      13
      28
      24
      13
      20
      12
      10
      22
      13
      28
      26
      25
      10
      27
      25
      21
      16
      13
      21
      15
      11
      27
      32
      18
      16
      23
      20
      23
      22
      18
      10
      20
      29
      18
      20
      22
      18
      17
      30
      23
      16
      12
      20
      22
      23
      20
      25
      33
      15
      18
      15
      22
      30
      22
      17
      15
      16
      18
      18
      10
      14
      30
      26
      22
      20
      21
      26
      25
      18
      18
       6
      28
      17
      20
      24
      22
      15
      18
      15
      18
      15
      14
      13
      22
      19
      20
      21
      24
      12
      18
      11
      19
      24
      19
      20
      16
      20
      20
      32
      30
      27
      24
      27
      16
      22
      20
      18
       8
      19
      14
      28
      18
      24
      15
      24
      18
      25
      16
      21
      14
      20
      17
      16
      18
      15
      14
      19
       9
      29
      17
      15
      20
      17
      17
      17
      13
      12
      18
      26
      19
      12
      18
      16
      12
      18
      10
      24
      17
       7
      18
      14
      13
      17
      18
      17
      22
      10
      17
      13
      19
      16
      18
      23
      17
      15
      16
      15
      16
      22
      12
      18
      12
      20
      19
      27
      15
      22
      15
      20
      16
      12
      15
      12
      14
      13
      16
      23
      20
      16
      10
      22
      12
      13
      11
      19
      11
      16
      19
      20
      21
      10
      13
      15
      21
      27
      15
      17
      10
      12
      17
      18
      17
      14
      17
      14
      18
       8
       8
      10
      18
       9
       7
      21
      11
      16
      11
      10
      14
       9
      15
      17
      13
      17
      13
      20
      17
      12
      18
      20
      13
      15
      13
      17
      19
      11
      11
      12
      21
      17
      18
      31
      30
      24
      45
      48
      57
      81
     150
     285
     883
    2208
    4325
    6415
    7387
    6355
    4170
    2130
     774
     231
      53
      19
       8
       6
       7
       9
       8
      11
       9
       9
       9
       7
       5
      11
      12
       9
       7
       9
      15
       8
       9
       8
      11
      15
       9
       8
       6
       8
       5
       4
       6
       8
       4
       9
       5
       1
       9
      10
       7
      11
      14
       9
       7
       8
       5
       6
       6
       7
       6
       3
       7
       6
       7
       8
       5
       7
       6
       6
       6
      10
       8
       3
       6
       8
       9
       8
       4
       5
       7
      11
       4
      12
       4
      11
       7
       5
      14
       4
       4
       9
      11
       8
       9
       8
      13
       6
      11
       8
       5
       8
       8
       6
       5
      10
       6
       7
       7
       8
       8
       8
       4
      10
       5
       6
      10
       9
       7
       5
      17
       4
      10
       7
       7
       7
       6
       7
      10
       8
       7
       6
       7
       5
       5
       5
       9
       5
       6
      11
       4
       8
       6
       5
       7
       6
       6
       9
       9
       8
       6
       9
      10
       8
       9
       2
       8
      11
       6
       6
       6
       5
       7
       8
       5
       4
       4
       9
      10
       6
      10
       9
      10
       4
       5
       7
       6
       8
       4
      10
      10
       8
       8
      10
       7
       6
       1
       8
       5
       8
       6
      10
       3
       8
       7
       5
       5
       5
       6
       9
       8
       3
       6
       5
       3
       3
       4
       4
       7
      10
       8
       7
       7
      10
       7
       7
       4
       6
       6
       5
      15
       5
       7
       7
       5
       6
       8
       7
       5
       7
       4
       7
       4
      13
       5
       2
      12
       9
       9
       6
       9
       8
       6
       6
       6
       8
       6
       9
       8
       7
       4
       8
      10
       9
       7
       7
       5
       6
       4
       3
       6
       5
       5
       8
       6
       6
       3
       9
      11
       6
       5
       8
       5
       9
       8
       8
       5
       9
       4
       4
       6
       8
       7
       5
       5
      12
       4
       6
       4
       2
       1
       9
       7
       5
       6
       3
       4
      10
       9
       9
       5
      10
      10
       5
       5
       7
       5
       7
       5
       7
       6
       5
      12
       6
       5
       3
       8
       8
       7
       5
       7
       8
       5
       4
       8
       5
      10
      10
       4
       5
       6
      10
       6
       4
       8
       3
       7
       5
       7
       9
       7
       9
       6
       7
       5
       6
       4
       7
       6
       7
       9
       4
       7
      12
       3
       5
       7
      10
      10
       5
      10
       8
       5
       7
       6
       8
       2
       6
       6
       7
       7
       5
       7
       9
       3
      10
       4
       3
       8
      19
       8
       5
       3
       6
       5
       7
       2
       8
       6
       8
       6
       6
      10
       5
       8
      10
       8
       7
       4
       6
       7
       7
       4
       3
       7
       4
      11
       6
       4
       4
       3
       6
       4
       6
       4
       5
       8
       8
       4
      11
       5
       7
       3
       5
       7
       6
       9
       8
      11
      11
       5
       8
      10
       2
       3
       7
       7
       6
       6
      12
      10
       5
       4
       9
       7
       2
       7
       8
       6
       3
      10
       5
       8
       3
       6
      12
       4
      11
       6
       8
      11
       2
       5
      10
       5
      13
       6
       1
       5
       5
       4
       8
       6
       7
      17
       8
      10
       9
       8
       8
       8
       2
       6
       5
      11
       8
       5
       7
       6
      12
      10
       7
       6
       5
       9
       4
      12
       5
       7
       7
       4
      12
       6
       6
       3
       9
      11
       6
       2
      12
       7
       6
       8
       8
      12
       8
       6
       5
       5
       6
       5
       6
       6
      11
      10
      10
       5
       7
       8
       4
       5
       6
       6
       6
       7
       3
       3
       7
       4
       9
       9
      10
      15
       9
       3
      12
       7
       7
       8
       6
       7
       5
       8
       3
       3
       9
       5
      10
       5
       9
       7
       2
      11
       9
       6
       5
       5
       5
       5
       9
       2
       4
       7
       4
       6
      11
       7
      12
       6
       5
      10
       6
       1
       7
       7
       7
      10
       7
      11
       7
       7
       6
       6
       6
       7
       7
       9
       7
       9
       2
      10
       6
       7
       6
       4
       5
       8
       4
      11
       6
       9
      14
       7
       8
       8
       4
      12
       8
       3
       6
       4
       7
      15
       3
      12
      12
       6
       7
       9
      10
       9
       6
       4
       8
       7
       5
       4
       6
       8
       5
       7
      11
       8
       9
       9
       6
       6
       1
       7
      10
       8
       2
       5
       5
       5
      10
       6
       2
       8
       4
      14
       6
       5
       9
       6
       6
       8
       6
       4
      10
       6
       6
       6
       6
       7
       2
      10
       5
       3
      12
       9
      10
       6
       3
       7
       4
       4
      10
       8
      13
       7
       5
      17
      21
      15
      11
      13
      11
       6
       6
       6
       5
      10
      13
       7
      13
       7
       5
       9
       8
       8
       3
       7
       4
       8
       5
       6
       7
       7
      12
      10
      14
       4
       7
       9
       8
       3
       6
       4
       3
       7
       6
       6
       5
       6
      12
       2
       7
       3
       6
       9
       8
       7
       8
       3
       9
      11
       8
       7
       8
      12
       7
      10
       5
       6
       7
       8
      10
       6
       8
       6
      14
       5
       9
      11
       6
       6
      14
       7
       8
      11
       7
      10
       8
       9
       6
      13
       6
       9
       8
       3
      11
       7
       6
       5
      10
       7
       5
       8
       6
      12
       9
       4
       2
       4
       4
       5
       5
       6
       6
       4
      13
       7
       6
       5
       7
       7
       6
       9
       3
      10
       6
       7
       7
       6
       6
      10
       9
       8
       5
      11
       5
       8
       9
       4
       6
       5
       6
       6
       9
       2
       7
       7
       5
      10
      11
       5
      10
       3
       7
       9
       9
       7
       3
       8
       9
       6
       9
      10
       9
       9
       8
      12
       7
      11
      12
       6
       5
       5
       5
       5
       6
      10
       2
      10
       9
      14
       1
      11
       6
      10
       9
       7
      11
      11
       8
       5
       4
       6
       6
       6
       6
       9
       5
       6
       8
       7
       3
       4
      10
       9
       4
       5
       3
       3
       6
       4
       3
       7
       5
       7
       5
       5
       8
       6
       8
      12
       7
       5
       5
       9
      10
       9
       5
       6
      10
       6
       4
       8
       8
       9
       9
       5
       7
       4
       6
       7
      12
      10
       4
       9
       8
       4
       2
       5
       7
      11
       5
       7
       7
       5
       6
       7
      12
      11
       5
       5
       3
       2
       6
       8
       8
       6
       8
       7
       8
       6
       3
       6
       4
       4
       6
       6
       9
       2
       7
       6
       9
      13
       7
      10
       5
       9
      11
       7
      10
       7
       7
      11
       8
       7
       6
       9
       4
      10
       8
       5
       6
       7
       9
       9
      10
       8
       4
       9
       3
       1
       2
       8
       7
       5
       8
       6
       8
       8
       3
       7
       8
       8
       3
       3
       7
      10
       6
       8
       6
      11
       5
      11
       6
       7
       3
       7
       7
       8
      12
       7
       6
       7
       8
       9
       4
       9
      11
      12
       6
       8
       8
       5
      11
       5
       8
       7
       9
       4
      12
      11
       8
      10
       7
      11
       8
       8
       5
      10
       8
       6
       8
       5
      10
       5
       9
       6
      15
       8
       7
       8
       6
       4
       8
      11
       7
       9
       7
       8
       6
       6
       5
       4
       5
      11
       8
      10
       5
       5
      10
       9
       6
       5
       6
      13
       8
       7
       5
       7
       6
       8
      12
       8
      12
       6
       6
      18
      10
       7
       9
      20
       3
      13
      14
       7
       6
       6
       8
       7
       8
       4
       6
      11
       6
       9
       7
       5
       4
       3
       6
      10
       8
       9
       5
       7
       6
       4
       9
       5
       4
       5
      12
       8
       9
       8
      11
       6
      10
       5
       5
       3
      10
       9
      14
       8
      10
       6
       8
       3
       7
      11
       5
      11
       3
       7
       6
       9
       8
       8
       7
       8
       8
       9
       6
       5
       5
      10
      19
       6
       6
       6
      12
       8
       9
       7
       6
       6
      11
       9
       4
       7
       7
      12
       2
       5
       6
       6
       5
       9
       8
       4
      10
       6
       7
       7
       4
       9
      11
       7
      10
       4
       8
      10
       9
       6
       3
       5
       7
       7
       7
       9
       6
      12
       6
       9
       5
       7
       7
       7
       6
      11
       8
       6
       3
       3
       8
       5
       8
      11
       7
       5
      11
      14
       8
       6
       6
       6
      11
       4
       4
       6
      13
       5
       6
       7
       3
       5
       8
      14
       8
       9
      11
      10
       7
       4
      10
      12
       5
      13
       6
       6
       8
       8
       9
       8
       5
      11
      12
      12
      15
      24
      16
      28
      18
      21
      31
      16
      25
      13
      13
       9
      15
      12
       6
      13
      12
      12
      12
      12
       9
      12
       6
       6
      10
       7
       3
       6
       5
       4
       5
       7
      12
       6
       5
       7
       6
       6
      13
       5
       8
       7
      10
       3
       4
       9
       6
       6
       5
      11
      12
       6
      10
       6
       9
       7
      10
      11
       4
      10
       7
       8
       7
       6
       8
      12
       8
       7
       4
       7
      13
       6
      11
      10
      10
       8
      11
       7
       7
       9
      10
       8
       8
       9
      10
       8
       8
       7
       9
      10
       6
       6
       7
      12
      10
      12
       7
       4
       9
      11
       9
       9
      10
       7
      16
       8
      12
      10
       9
       6
      10
      10
      10
       5
      16
       6
      10
      10
       8
      11
       6
      13
       5
       6
       9
       5
       9
      10
      10
       8
       5
       6
      14
      15
       5
      12
      10
       8
       8
       7
       6
       6
      10
       7
       7
       7
       8
       6
       6
       5
       2
      13
       8
       9
       8
      10
       9
      12
       9
      14
       8
       8
       6
       9
       8
      13
       8
      13
       5
       5
       4
       4
       6
      10
       8
       4
       3
       4
       6
       6
      10
      14
       5
       8
       7
       9
       6
      10
      12
       3
      10
       9
       9
       8
      12
       4
      15
       7
       4
       8
       7
      12
      10
       9
       9
       9
      11
      10
       3
       7
       8
      15
       9
       6
      10
       8
       8
       6
       6
       5
       8
      12
       9
      10
       5
       8
       7
      10
       8
       6
      15
      10
       8
       8
       9
      13
       9
      12
       7
       9
      11
       9
      14
      10
      14
      10
       4
       5
      10
      13
      12
       5
      11
       8
       7
      12
      11
       8
      12
       7
      12
       8
      10
       5
       7
      11
       9
       7
       6
       5
       5
       9
      13
      11
      10
      10
      10
       6
       7
      11
      12
      11
       7
      12
       9
      14
       8
       5
      14
       4
      13
       5
      12
       7
       7
       7
      13
       6
       6
       6
       6
      10
      13
      13
       9
       7
       7
       5
       4
      10
       9
       7
       6
      11
       8
       8
       9
      10
      12
       4
       9
       6
       9
       8
      14
       9
      10
       4
      10
       9
      10
       6
       6
       5
      12
       6
       9
      11
      10
       8
       7
       9
      15
       3
       7
      10
       6
      11
      11
       4
       6
       9
       9
      15
       7
       5
      12
      13
       8
      11
       9
       5
       8
       7
       8
       6
      13
      13
       6
      14
       8
      10
       7
      13
       9
      11
       4
       9
      11
       6
       8
      10
       9
      11
       7
      16
       7
      13
       7
       9
       9
      12
       9
       9
      14
       6
       8
       5
      12
      10
      13
      12
       8
       8
       5
      17
      10
      16
      12
       7
      10
       8
       9
       9
      14
      11
      10
      11
      11
      11
       8
      13
       3
      16
      11
      12
      10
      13
       7
      10
      14
       9
      13
      11
      13
       7
      10
      12
       5
       7
       4
       8
      12
      15
       9
      15
       5
      11
      11
      13
      13
       6
      10
      11
      16
      23
      14
      23
       7
      11
      17
      14
      10
      14
      12
      14
       7
       9
       6
      19
      10
      11
       5
      15
      10
       4
      12
      10
      11
      18
       7
       8
      21
      11
      10
      10
      12
      11
      15
      10
      17
      15
       7
      11
      14
       9
      10
      12
       9
       7
       7
       7
       9
      10
      12
       8
       7
      10
      10
      15
      10
      11
       4
       5
       8
      11
      14
       5
      17
       9
      16
      14
      12
      15
      13
      13
       8
      14
       7
      11
       9
       8
       9
       7
      12
      15
       7
      13
      14
      11
       5
       9
      18
       6
      13
      12
       7
      12
      11
      15
       7
       9
      13
       4
      12
      16
       4
       5
      15
      16
      15
      11
       8
      11
      11
      12
       8
      10
      12
      14
      16
       3
      18
      11
      10
      10
      15
      16
       8
      11
      18
      12
      10
       9
      15
      11
      10
      13
      15
       8
       9
       8
      13
      10
       9
       5
       6
      11
      15
      14
      11
      14
      14
      12
       5
       5
      18
      17
       6
      13
      10
      13
      12
      14
      10
       8
       8
       9
      10
      12
      14
      16
      12
       6
      11
      13
       8
      15
      11
      13
      12
       9
      11
      16
      22
      11
      21
      12
      15
      14
      15
      15
      10
       5
       8
      18
      15
      22
      11
      19
      10
      11
      16
      10
      10
      15
      18
      12
      11
      11
      10
      12
      13
       6
      22
      12
       6
      12
      12
       9
      12
      10
      14
      13
      18
       6
      12
      12
      11
      16
      16
      13
      16
      10
       6
       8
      12
      15
      12
      12
      16
       8
      10
      10
      12
       9
       9
       9
      14
      11
      12
      12
      15
      11
       8
       9
      18
      12
      13
      11
      13
      16
      14
       9
      10
       7
      17
      15
      12
      14
      15
      17
      13
      12
      10
      14
       5
      11
      14
      11
      16
      10
      10
      14
      16
      15
      12
      13
      20
      14
      12
      10
       8
      16
      11
      19
      18
       9
      10
      18
       8
      14
      18
       7
      12
      17
      11
      15
      13
      15
      15
      12
      24
      19
      12
      11
      18
      15
      10
      14
      13
       7
       9
      10
      13
      17
      15
      21
      12
      16
      22
      13
      19
      23
      18
      24
       7
      12
      12
      15
      18
      10
      16
       9
      16
      11
      15
       6
      21
      14
      17
      10
      13
      19
       6
      13
      19
      14
      11
      15
      16
      15
       7
      13
       8
      14
      12
      18
      18
      10
      10
       8
      13
      10
      11
       9
       8
      16
      10
      15
      13
      10
      20
      10
      13
       9
       8
       6
       9
      12
       9
      11
      15
      15
      13
      15
      18
      14
      29
      14
      14
      17
      25
      25
      28
      18
      19
      15
      18
      23
      12
      12
      12
      12
      14
      15
       6
       3
      10
      15
       9
       6
      12
       9
       5
       9
      15
      18
      10
       9
       9
       6
       8
       8
       9
       6
       6
       8
      10
       8
       7
      15
      13
      14
      10
       5
       7
       4
       8
      10
      11
       7
      12
       9
      11
       9
       8
      10
      13
       9
       6
      11
       8
      11
       7
      12
       9
       6
      12
      12
       8
       5
      13
      14
       7
      10
      10
       4
       7
       9
      10
       9
       8
       8
       7
      15
       5
       7
      12
       8
      11
      16
       3
       6
      10
      10
      15
       4
      11
      12
       5
       6
      12
      12
       7
      10
       6
       8
       7
       8
       8
      12
       8
       6
      11
       9
      10
       9
      11
      11
       6
      10
       6
       6
       6
       7
       8
       9
       9
       9
       7
       7
       8
       3
       3
       7
       4
       9
       9
      14
       9
      11
       9
       3
       9
       4
       7
       9
      13
      16
       8
       7
       7
       7
       9
       8
       9
      10
       6
      12
       6
       5
      10
       2
      10
      12
      11
      13
       8
       7
       4
       9
       9
      10
      10
      13
      11
      10
       9
       5
       8
       5
       8
      11
      10
       6
      15
      11
       7
       5
       7
       8
       4
       7
       9
       7
      12
       6
       7
       3
       8
       9
       9
       8
       6
       6
       5
       5
       9
       9
       8
       8
       6
       5
       5
      13
       9
       6
       9
       5
       5
       6
       7
       7
       7
       6
       5
       6
       5
       7
       9
       6
      10
       6
       3
       9
       9
       6
       2
       6
      10
       4
       8
       9
       4
       7
       8
       7
       8
       8
       6
      10
      11
      10
       7
       9
       6
       7
       4
       6
       5
       6
       6
       8
       6
       7
       4
       5
       6
       6
       7
       5
       5
       9
       6
       9
       6
       4
       5
       7
       6
       4
       4
       5
       4
       3
       4
       6
       7
       6
       6
      10
       3
       4
       4
       9
       9
      10
       9
       3
       4
       4
       7
       2
       7
       6
       5
       5
       9
      10
       6
       9
       4
       5
       4
       2
       5
       4
       6
       6
       4
      10
       6
       4
       4
       7
       3
       5
       2
       8
       9
       4
       5
      10
       5
       2
       3
       6
       6
       7
       5
       9
       7
       5
       8
       4
       5
       7
       4
       4
       3
       4
       5
       7
       3
       7
       5
       4
       8
       4
       5
       1
       4
       7
       4
       7
       5
       8
       2
       3
       5
      11
       3
       7
       3
       5
       5
       4
       3
       3
       6
       4
       8
      10
       8
       8
       6
       7
       7
       4
       8
       6
       3
       6
       6
       2
       7
       7
       2
       5
       8
       4
       8
       8
       6
       3
       6
       4
       3
       5
       5
       3
       7
       5
       8
       7
       2
       5
       7
       6
       5
       5
       2
       7
       9
       8
       2
       1
       5
       4
       4
       4
       2
      10
       3
       5
       4
       5
      10
       8
       4
       7
       8
       3
       5
       4
       3
       2
       5
       4
      10
       9
       5
       2
       6
       4
       6
       7
       3
       7
       6
       8
       6
       6
       6
       4
       6
       8
       7
       3
       5
       2
       6
       7
       3
       6
       5
       7
       3
       4
       3
       6
       3
       5
       5
       7
       3
       7
       6
       7
       6
       8
       4
       7
       2
      10
       2
       6
       8
       3
       4
       8
       6
       8
       5
       6
       4
       1
       5
       2
       6
       6
       2
       6
       6
       6
       8
       3
       6
       8
       6
       4
       2
       6
       9
       6
       7
       2
       5
       6
       5
       7
       5
       5
       5
      12
       6
       8
       2
       5
       5
       2
       5
       5
       7
       5
       9
       6
       3
       7
       4
       5
       5
       5
       7
       5
       4
       2
      10
       7
       9
       3
       9
       4
       5
       3
       7
       6
       5
       7
       5
      13
       8
       4
       3
       3
       4
       6
      10
       3
      12
       7
      26
      32
      78
     118
     209
     387
     523
     706
     858
     818
     719
     521
     348
     212
     107
      55
      24
       6
       6
       4
       5
       5
       3
       9
       3
       3
       8
       4
       2
       3
       8
       4
       3
       4
       3
       6
       4
       2
       7
       5
       6
       4
       7
       1
       6
       8
       2
       4
       3
       6
       5
       7
       3
       8
       5
       6
      12
       6
       5
       7
       3
       8
       7
       7
       2
       5
       2
       5
       3
       9
       3
       6
       6
       9
       5
       3
       3
       3
       3
       7
       8
       1
       7
       8
       6
       6
       4
      10
       6
       6
       7
       6
       7
       6
       6
       8
       4
       5
       6
       6
       6
       6
       9
       3
       6
       4
       4
       3
       5
       7
       9
       3
       6
       5
       6
       6
      12
       7
       4
       9
       2
       6
       7
       3
       3
       7
       2
       6
       1
       9
       5
      10
       5
       4
       8
       1
       6
       7
       6
       4
       7
       7
      12
       9
       3
       6
       5
       3
       4
       4
      10
       4
       5
       6
       3
       3
       5
       6
       6
       5
       5
       6
       7
       4
       6
       3
      12
       5
       8
       6
       9
       2
       4
       7
       7
       8
       3
       6
       8
       6
       6
       7
       3
       3
       4
       5
       8
       2
       5
       7
       5
       7
       4
       6
       6
       4
       8
       3
       3
       3
       7
       8
       5
      11
       7
       8
       8
       7
       7
       3
       7
       2
       7
       4
       7
      10
      10
      10
       8
       3
       3
       4
       8
       3
       5
       8
      11
       3
       7
       6
       4
       3
       4
       4
       4
      10
       4
       3
       5
       1
       7
       7
       4
       5
       4
       6
       4
       2
       6
       4
       1
      10
       2
       9
       4
       4
       3
       2
       3
       5
       7
       5
       2
       5
       6
       7
       5
       4
       6
       7
       6
       3
       7
       2
       9
       8
       5
       4
       7
       5
      11
       6
       7
       5
       1
       3
       3
       4
       5
       2
       4
       4
       6
       5
       5
       1
       2
       5
       5
       3
       7
       4
       7
       3
       2
       2
       6
       2
       5
       3
       5
       7
       4
       5
       2
       5
       7
       6
       6
       5
       4
       3
       9
       5
       4
       5
       3
       7
       2
       0
       7
       2
       3
       5
       3
       3
       7
       8
       5
       8
       5
       1
       3
       5
       4
       5
       3
       1
       5
       4
       4
       3
       3
       3
       5
       2
       3
       3
       3
       6
       1
       3
       4
       8
       4
       6
       7
       3
       1
       7
       3
       5
       0
       3
       5
       5
       5
      12
       4
       2
       3
       5
       1
       5
       4
       2
       3
       2
       6
       4
       1
       3
       6
       5
       5
       6
       3
       7
       2
       6
       1
       4
       2
       4
       1
       3
       1
       1
       4
       0
       2
       6
       4
       2
       4
       3
       0
       7
       2
       5
       6
       4
       1
       4
       2
       3
       1
       3
       4
       3
       2
       1
       2
       1
       6
       3
       0
       3
       2
       2
       3
       2
       0
       2
       5
       1
       2
       4
       2
       5
       0
       2
       6
       2
       3
       1
       4
       4
       3
       5
       5
       3
       5
       2
       3
       3
       5
       6
       1
       4
       7
       1
       2
       3
       2
       5
       1
       0
       2
       2
       2
       1
       1
       5
       2
       2
       0
       3
       3
       3
       2
       2
       4
       2
       2
       2
       3
       1
       1
       1
       3
       7
       7
       4
       2
       5
       5
       1
       5
       2
       0
       3
       1
       4
       3
       1
       2
       2
       4
       2
       0
       1
       3
       1
       0
       3
       1
       1
       7
       6
       2
       1
       1
       2
       2
       0
       3
       4
       3
       2
       2
       1
       4
       2
       2
       3
       0
       4
       4
       5
       1
       3
       4
       2
       2
       1
       2
       3
       2
       2
       1
       1
       1
       2
       0
       4
       0
       3
       1
       1
       5
       4
       4
       4
       4
       8
       5
       3
       2
       4
       0
       3
       4
       0
       2
       3
       3
       1
       1
       5
       1
       3
       2
       1
       2
       3
       1
       2
       1
       2
       2
       1
       2
       2
       2
       1
       4
       3
       2
       2
       3
       2
       0
       0
       0
       2
       1
       1
       1
       1
       3
       2
       0
       4
       2
       1
       6
       2
       1
       0
       2
       1
       1
       2
       0
       1
       2
       1
       3
       2
       0
       0
       2
       1
       2
       2
       3
       2
       2
       2
       0
       2
       3
       2
       1
       2
       1
       0
       1
       1
       2
       3
       3
       1
       4
       0
       2
       3
       1
       2
       2
       2
       0
       1
       3
       4
       5
       3
       3
       1
       2
       1
       1
       0
       1
       1
       0
       1
       1
       0
       0
       1
       0
       3
       5
       0
       0
       0
       1
       1
       4
       1
       3
       2
       1
       0
       0
       2
       2
       0
       2
       1
       4
       0
       1
       3
       1
       2
       1
       0
       3
       3
       3
       0
       2
       1
       2
       3
       0
       0
       0
       1
       0
       1
       3
       3
       1
       0
       3
       4
       0
       1
       0
       1
       1
       1
       0
       2
       0
       3
       2
       3
       2
       0
       1
       0
       2
       0
       1
       3
       3
       2
       1
       1
       0
       1
       3
       0
       1
       1
       2
       2
       1
       0
       1
       0
       2
       2
       1
       2
       3
       2
       2
       1
       2
       0
       2
       2
       2
       3
       0
       1
       0
       0
       2
       0
       1
       1
       0
       2
       0
       0
       1
       2
       3
       2
       1
       1
       0
       3
       0
       1
       2
       1
       0
       2
       0
       3
       2
       2
       4
       0
       2
       1
       2
       1
       2
       2
       2
       1
       1
       3
       1
       0
       2
       2
       1
       2
       1
       1
       2
       2
       5
       1
       1
       3
       5
       6
       8
      10
       9
      23
      48
      82
     115
     197
     256
     325
     375
     351
     333
     251
     180
      63
      43
      18
      12
       7
       2
       2
       1
       2
       0
       2
       3
       2
       2
       0
       1
       1
       1
       1
       3
       1
       2
       2
       2
       1
       1
       0
       0
       1
       0
       0
       0
       2
       0
       1
       1
       1
       2
       0
       0
       3
       1
       1
       0
       0
       3
       0
       0
       0
       0
       0
       0
       2
       1
       0
       0
       1
       2
       0
       0
       1
       2
       2
       0
       2
       1
       3
       1
       0
       1
       0
       1
       1
       2
       1
       2
       1
       3
       0
       0
       2
       0
       0
       0
       1
       5
       0
       2
       2
       3
       1
       1
       2
       3
       1
       4
       2
       2
       3
       3
       0
       1
       0
       2
       1
       1
       1
       0
       0
       1
       1
       2
       0
       1
       0
       0
       2
       0
       0
       2
       1
       1
       1
       1
       1
       0
       0
       2
       0
       6
       0
       3
       1
       4
       0
       0
       1
       0
       2
       2
       2
       0
       1
       1
       1
       0
       0
       0
       0
       1
       0
       3
       2
       0
       2
       0
       1
       3
       2
       1
       1
       0
       1
       3
       1
       1
       0
       1
       2
       1
       1
       0
       0
       1
       0
       2
       1
       0
       1
       1
       1
       1
       2
       0
       2
       1
       0
       0
       1
       0
       1
       0
       0
       2
       0
       0
       1
       0
       1
       2
       1
       3
       3
       2
       1
       1
       2
       1
       0
       2
       1
       3
       0
       1
       3
       1
       5
       0
       1
       2
       0
       1
       1
       4
       1
       1
       1
       0
       1
       4
       0
       1
       3
       0
       2
       2
       1
       1
       0
       1
       0
       1
       2
       2
       0
       2
       0
       1
       0
       3
       0
       0
       0
       3
       1
       4
       2
       0
       1
       0
       1
       1
       0
       1
       0
       1
       2
       1
       0
       0
       0
       1
       0
       1
       3
       1
       0
       0
       4
       0
       0
       3
       1
       1
       0
       1
       0
       0
       1
       0
       2
       0
       1
       0
       0
       2
       0
       1
       0
       2
       1
       4
       0
       0
       3
       1
       3
       2
       3
       1
       4
       3
       3
       0
       2
       0
       1
       0
       2
       2
       2
       0
       0
       0
       1
       1
       1
       0
       0
       0
       1
       2
       2
       0
       0
       1
       2
       1
       1
       3
       0
       1
       0
       1
       3
       1
       1
       3
       1
       1
       0
       0
       0
       2
       2
       1
       2
       3
       1
       1
       0
       3
       1
       0
       1
       0
       0
       2
       1
       0
       2
       2
       0
       2
       1
       3
       3
       0
       1
       0
       1
       0
       1
       1
       1
       1
       1
       4
       0
       2
       2
       0
       2
       2
       2
       1
       0
       2
       3
       0
       1
       2
       1
       2
       3
       3
       1
       1
       1
       3
       1
       1
       1
       0
       1
       1
       2
       1
       0
       1
       1
       0
       0
       3
       1
       1
       2
       2
       3
       0
       1
       0
       1
       0
       2
       1
       0
       1
       0
       1
       1
       0
       1
       2
       2
       2
       1
       0
       0
       1
       0
       1
       0
       2
       2
       3
       0
       3
       0
       1
       1
       0
       0
       2
       2
       1
       2
       1
       0
       1
       0
       3
       6
       1
       1
       1
       1
       1
       2
       0
       0
       0
       2
       1
       0
       2
       1
       1
       2
       3
       1
       0
       1
       0
       1
       0
       0
       1
       0
       1
       1
       3
       0
       2
       3
       1
       0
       1
       2
       1
       1
       1
       2
       2
       2
       2
       2
       2
       0
       0
       0
       0
       0
       1
       3
       1
       4
       2
       0
       0
       1
       0
       1
       2
       1
       0
       1
       0
       1
       1
       2
       1
       2
       0
       0
       1
       0
       2
       0
       1
       1
       0
       1
       3
       1
       1
       0
       0
       0
       2
       1
       3
       1
       1
       1
       0
       2
       2
       0
       2
       1
       2
       0
       0
       1
       0
       1
       2
       1
       2
       1
       1
       0
       3
       3
       0
       1
       0
       1
       0
       1
       1
       1
       1
       1
       1
       0
       1
       0
       1
       1
       2
       3
       0
       1
       0
       2
       2
       0
       1
       0
       2
       0
       0
       1
       0
       1
       0
       0
       1
       1
       1
       2
       1
       1
       3
       0
       1
       3
       1
       1
       0
       0
       0
       2
       0
       1
       0
       1
       1
       1
       0
       0
       0
       2
       0
       0
       1
       1
       0
       4
       1
       0
       0
       1
       4
       2
       1
       2
       5
       0
       3
       1
       1
       0
       0
       1
       0
       1
       2
       2
       1
       0
       0
       1
       0
       1
       1
       1
       2
       0
       1
       1
       1
       1
       0
       0
       0
       0
       2
       0
       2
       1
       0
       2
       1
       0
       1
       0
       0
       0
       0
       1
       0
       3
       2
       0
       1
       2
       0
       0
       3
       2
       1
       1
       0
       1
       2
       0
       0
       1
       2
       1
       1
       1
       3
       1
       2
       2
       2
       1
       0
       0
       1
       0
       1
       0
       1
       0
       1
       1
       1
       0
       1
       3
       1
       0
       0
       0
       0
       0
       4
       0
       3
       1
       0
       2
       1
       0
       1
       0
       1
       1
       1
       1
       2
       1
       0
       1
       0
       2
       1
       0
       1
       3
       0
       3
       1
       1
       1
       2
       2
       0
       1
       0
       2
       2
       1
       0
       0
       1
       0
       1
       1
       1
       2
       1
       1
       1
       1
       0
       1
       1
       0
       0
       0
       0
       1
       0
       1
       1
       1
       1
       2
       1
       0
       4
       1
       0
       2
       1
       0
       1
       3
       3
       0
       1
       2
       1
       1
       0
       1
       0
       2
       1
       0
       1
       2
       0
       3
       0
       1
       0
       1
       0
       0
       0
       0
       0
       3
       2
       1
       1
       1
       1
       0
       1
       1
       1
       1
       1
       2
       3
       1
       1
       1
       1
       1
       2
       0
       0
       1
       0
       0
       0
       0
       2
       2
       1
       2
       1
       3
       1
       0
       2
       2
       5
       3
       1
       1
       1
       1
       1
       1
       0
       0
       1
       2
       1
       0
       0
       0
       0
       0
       0
       0
       3
       2
       0
       1
       0
       1
       3
       1
       0
       0
       2
       1
       0
       1
       3
       1
       1
       0
       1
       0
       2
       0
       0
       0
       3
       1
       0
       1
       2
       1
       3
       1
       1
       1
       1
       2
       1
       2
       2
       1
       0
       0
       0
       0
       0
       1
       4
       0
       0
       1
       1
       2
       1
       0
       2
       0
       0
       0
       0
       1
       1
       0
       0
       0
       1
       0
       1
       1
       3
       0
       0
       0
       0
       1
       0
       0
       0
       1
       0
       0
       1
       1
       0
       4
       1
       1
       0
       0
       4
       2
       0
       1
       0
       0
       1
       0
       1
       0
       2
       2
       2
       1
       0
       3
       0
       0
       0
       0
       0
       1
       0
       1
       2
       0
       2
       1
       2
       0
       0
       0
       0
       1
       1
       1
       1
       0
       0
       0
       1
       0
       1
       0
       1
       0
       0
       2
       0
       0
       0
       1
       0
       0
       3
       0
       1
       0
       1
       1
       1
       1
       1
       1
       1
       1
       1
       2
       1
       0
       0
       2
       0
       1
       1
       2
       0
       1
       0
       1
       0
       0
       1
       1
       1
       0
       0
       1
       1
       0
       1
       0
       1
       1
       2
       1
       2
       1
       0
       1
       0
       1
       0
       0
       1
       1
       1
       2
       1
       0
       1
       0
       0
       0
       1
       1
       0
       1
       1
       0
       1
       1
       0
       2
       1
       1
       1
       1
       2
       1
       0
       0
       0
       0
       0
       0
       1
       1
       1
       1
       1
       0
       2
       1
       0
       1
       3
       2
       3
      10
      15
      11
      19
      27
      19
      19
      20
      16
       8
       7
       4
       5
       1
       4
       1
       0
       0
       0
       0
       0
       0
       0
       0
       0
       0
       1
       0
       0
       0
       0
       0
       1
       0
       1
       1
       1
       1
       0
       1
       1
       0
       0
       0
       0
       0
       0
       0
       2
       1
       0
       1
       0
       1
       2
       1
       0
       0
       0
       1
       0
       0
       1
       1
       1
       1
       2
       1
       0
       0
       0
       1
       1
       0
       0
       0
       1
       0
       0
       1
       0
       0
       0
       2
       0
       0
       2
       0
       0
       0
       1
       0
       1
       0
       0
       1
       1
       1
       1
       0
       0
       0
       0
       0
       1
       0
       0
       1
       1
       0
       1
       1
       0
       2
       0
       0
       0
       1
       0
       0
       1
       0
       0
       1
       1
       0
       0
       0
       0
       0
       1
       0
       1
       0
       0
       1
       1
       0
       0
       0
       0
       0
       0
       0
       0
       0
       0
       1
       0
       1
       0
       1
       0
       0
       0
       0
       0
       0
       0
       0
       1
       0
       0
       1
       0
       0
       1
       0
       0
       0
       0
       1
       0
       0
       0
       0
       0
       0
       1
       0
       1
       0
       0
       0
       0
       0
       0
       0
       0
       0
       0
       0
       1
       0
       1
       1
       1
       0
       0
       1
       0
       0
       0
       0
       0
       0
       0
       1
       1
       0
       0
       1
       1
       1
       1
       0
       2
       2
       0
       0
       1
       1
       1
       0
       1
       0
       0
       1
       0
       0
       1
       0
       2
       0
       1
       0
       0
       0
       2
       0
       0
       0
       0
       0
       0
       0
       0
       0
       0
       0
       0
       2
       0
       0
       0
       0
       2
       0
       1
       1
       1
       0
       2
       0
       1
       1
       1
       0
       0
       0
       0
       0
       1
       0
       0
       0
       0
       0
       0
       0
       0
       0
       2
       0
       1
       0
       0
       0
       0
       0
       1
       0
       0
       0
       0
       1
       0
       1
       1
       0
       0
       0
       0
       1
       0
       0
       1
       1
       1
       0
       0
       1
       0
       0
       0
       1
       1
       0
       0
       0
       0
       0
       1
       1
       0
       0
       0
       0
       0
       0
       1
       1
       0
       1
       1
       0
       0
       0
       0
       0
       3
       0
       0
       0
       0
       0
       0
       0
       0
       0
       0
       1
       0
       1
       0
       0
       0
       0
       0
       0
       0
       0
       1
       1
       0
       0
       0
       0
       0
       0
       0
       2
       0
       1
       3
       2
       4
       6
      18
      19
      27
      21
      25
      23
      18
      29
      12
      14
       8
       4
       1
       2
       0
       0
       0
       0
       0
       0
       0
       0
       1
       0
       1
       1
       0
       0
       0
       0
       0
       0
       0
       1
       0
       0
       1
       0
       1
       2
       0
       1
       0
       0
       1
       0
       0
       0
       0
       0
       0
       1
       1
       1
       0
       0
       0
       0
       0
       0
       0
       1
       0
       0
       0
       1
       0
       1
       0
       0
       0
       0
       1
       0
       0
       1
       0
       1
       1
       1
       0
       0
       0
       1
       0
       0
       0
       0
       0
       0
       0
       0
       1
       1
       0
       0
       0
       1
       0
       0
       0
       0
       1
       0
       0
       0
       1
       1
       0
       0
       0
       0
       1
       0
       0
       0
       0
       0
       0
       0
       0
       0
       0
       0
       0
       0
       0
       1
       1
       0
       1
       0
       0
       1
       1
       0
       0
       1
       0
       0
       0
       0
       0
       0
       0
       0
       0
       0
       1
       0
       1
       1
       0
       1
       0
       2
       0
       1
       1
       0
       0
       0
       0
       0
       0
       0
       1
       0
       0
       0
       1
       0
       0
       0
       1
       0
       2
       0
       2
       0
       3
       1
       2
       0
       0
       0
       2
       0
       0
       0
       0
       0
       0
       1
       1
       0
       0
       1
       0
       0
       1
       1
       0
       0
       1
       0
       0
       0
       0
       1
       0
       0
       0
       0
       0
       0
       0
       0
       1
       0
       0
       0
       0
       0
       0
       0
       0
       1
       0
       1
       0
       0
       0
       0
       0
       0
       0
       0
       0
       2
       0
       2
       0
       1
       0
       1
       0
       0
       0
       0
       0
       1
       0
       0
       0
       0
       0
       0
       2
       0
       0
       0
       0
       1
       0
       0
       0
       1
       1
       0
       0
       0
       1
       0
       0
       0
       0
       0
       0
       1
       0
       1
       1
       0
       1
       0
       0
       0
       0
       0
       0
       0
       0
       0
       0
       0
       0
       0
       0
       0
       0
       0
       0
       0
       0
       0
       1
       2
       0
       1
       0
       0
       1
       1
       0
       0
       0
       0
       0
       0
       0
       0
       0
       1
       0
       1
       0
       0
       0
       0
       1
       2
       0
       0
       0
       0
       0
       0
       1
       0
       0
       0
       0
       2
       0
       0
       1
       0
       0
       0
       0
       1
       1
       0
       2
       0
       0
       0
       0
       1
       1
       0
       0
       1
       0
       0
       0
       0
       0
       0
       1
       0
       0
       0
       1
       0
       0
       0
       1
       0
       1
       0
       0
       1
       0
       0
       0
       0
       0
       0
       1
       0
       2
       0
       1
       0
       0
       0
       1
       0
       0
       0
       0
       0
       0
       0
       1
       0
       0
       0
       1
       0
       0
       0
       1
       0
       0
       0
       0
       1
       1
       0
       1
       0
       1
       0
       0
       0
       0
       0
       0
       0
       0
       1
       0
       0
       1
       0
       0
       0
       0
       0
       0
       0
       0
       1
       0
       0
       0
       0
       0
       1
       0
       0
       0
       0
       0
       0
       0
       0
       0
       0
       0
       0
       0
       0
       1
       0
       0
       0
       0
       0
       0
       0
       0
       0
       0
       0
       0
       0
       0
       0
       1
       0
       0
       0
       0
       0
       0
       0
       0
       0
       0
       0
       0
       0
       0
       0
       1
       0
       0
       0
       1
       0
       0
       0
       0
       1
       0
       0
       0
       0
       0
       0
       0
       0
       0
       0
       0
       0
       0
       0
       0
       0
       1
       1
       0
       0
       0
       0
       0
       0
       0
       0
       0
       0
       0
       0
       1
       0
       0
       1
       0
       0
       0
       0
       0
       0
       0
       0
       0
       1
       0
       0
       0
       0
       0
       0
       0
       0
       0
       1
       0
       0
       1
       0
       2
       0
       0
       0
       1
       0
       2
       1
       0
       1
       1
       0
       1
       0
       0
       0
       0
       0
       0
       0
       0
       0
       0
       0
       0
       0
       0
       0
       0
       0
       0
       0
       0
       0
       0
       0
       0
       0
       0
       0
       0
       0
       0
       0
       0
       0
       0
       0
       0
       0
       0
       0
       0
       1
       0
       0
       0
       0
       0
       0
       0
       0
       0
       0
       0
       0
       0
       0
       1
       0
       1
       0
       0
       1
       0
       0
       0
       0
       0
       0
       0
       0
       0
       0
       0
       0
       0
       0
       0
       1
       0
       0
       2
       0
       1
       0
       1
       0
       0
       0
       0
       0
       0
       0
       0
       1
       0
       0
       0
       0
       0
       0
       0
       0
       0
       0
       0
       0
       0
       0
       1
       0
       0
       0
       0
       0
       0
       0
       0
       0
       0
       0
       0
       1
       0
       0
       0
       0
       0
       0
       0
       1
       0
       0
       0
       0
       0
       0
       0
       0
       0
       0
       0
       0
       1
       0
       0
       0
       1
       0
$ROI:
0
$PRESETS:
None
0
0
$ENER_FIT:
-0.062992 0.355624
$MCA_CAL:
3
-6.299250E-002 3.556245E-001 2.076740E-008 keV
$SHAPE_CAL:
3
2.404718E+000 1.018959E-003 -5.571540E-008
