$SPEC_ID:
No sample description was entered.
$SPEC_REM:
DET# 8
DETDESC# Detector #8 - 80% HPGe (Matchmaker MCB 1)
AP# Maestro Version 7.01
$DATE_MEA:
11/20/2025 10:03:52
$MEAS_TIM:
592 600
$DATA:
0 8191
       0
       0
       0
       0
       0
       0
       0
       0
       0
       0
       0
       0
       0
       0
       0
       0
       0
       0
       0
       0
       0
       0
       0
       0
       0
       0
       0
       0
       0
       0
       0
       0
       0
       0
       0
       0
       0
       0
       0
       0
       0
       0
       0
       0
       0
       0
       0
       0
       0
       0
       1
      45
     108
      89
      72
     108
      88
      80
      91
      88
     106
      90
      99
      81
      92
      76
      85
      88
      84
      82
      89
      88
      90
      81
      94
      70
      89
      85
      98
      76
      91
      88
      79
      73
      90
      79
      72
      71
      70
      77
      84
      80
      85
      90
      78
      74
      70
      95
      72
      86
      70
      71
      72
      76
      79
      88
      85
      65
      77
      83
      64
      77
      68
      83
      94
      75
      61
      88
      65
      64
      67
      67
      80
      84
      74
      78
      72
      80
      57
      74
      58
      80
      68
      71
      71
      84
      67
      81
      81
      64
      76
      59
      74
      68
      64
      69
      60
      64
      70
      71
      70
      61
      80
      83
      76
      55
      86
      76
      62
      69
      83
      79
      76
      63
      78
      65
      53
      73
      63
      76
      71
      75
      89
      86
      70
      82
      64
      72
      82
      67
      68
      75
      83
      60
      62
      83
      70
      81
      88
      59
      82
      65
      74
      89
      63
      81
      67
      91
      70
      77
      76
      83
      75
      77
      78
      89
      80
      80
      66
      71
      86
      86
      90
      68
      85
      74
      76
      79
      86
      93
      67
      91
      80
      74
      97
      88
      83
      78
      76
      80
      74
      87
      64
      81
      56
      74
      66
      67
      88
      98
      95
      59
      87
      75
      52
      68
      88
      74
      81
      72
      94
      78
      76
      79
      75
      88
      79
      60
      93
      84
      78
      73
      80
      70
      62
      66
      75
      70
      80
      84
      70
      82
      79
      98
      69
      66
      79
      77
      81
      81
      69
      73
      89
      86
      92
      78
      94
      75
      78
      82
      89
      85
      99
      92
      65
      73
      88
      89
      92
      72
      92
      82
      80
      86
      94
      95
      87
      72
      76
      79
      81
      74
      83
      73
      90
      82
      69
      75
      70
      86
      75
      91
      82
      72
      86
      79
      78
      85
      83
      82
      85
      78
      85
      83
      85
      87
      81
      90
      83
      92
      79
      94
      80
      81
      83
      87
      85
      87
      65
      74
      98
      87
      76
      87
      76
      88
      89
      75
      87
      96
      81
      87
      89
      96
      86
      78
      97
      83
      94
      82
      85
      97
      85
      91
      79
      73
      89
      83
      98
      73
      83
      93
      90
     101
      78
     105
      92
      81
      75
      81
      76
      78
      82
      70
      92
      92
      77
      79
      87
      83
      83
      92
      69
      88
      93
      75
      77
      75
      81
      85
     106
      99
      64
      78
      92
      84
      72
      88
      71
      95
      90
      88
      84
      80
      97
     104
     106
      92
      84
      80
     103
      71
      88
      86
      96
     104
      75
      82
      87
      75
      78
      73
      87
      78
      87
      67
      89
      90
      82
      76
      75
      94
     100
      94
      86
      90
      91
      78
      81
      89
      93
      87
      86
      84
      92
     106
      87
      95
      97
      95
      87
      66
      85
      92
      93
      99
      93
      80
     100
      84
      78
      94
      91
      92
      81
      85
      77
      72
      95
      87
      87
      91
      84
      80
      90
      90
      74
      65
      75
      78
      88
      89
      76
      81
      94
      97
      71
      70
      82
      94
      82
      88
      80
      84
      75
      96
      76
      79
      97
      90
      97
     101
      89
      70
      81
      85
      82
      72
      78
      95
      81
     103
      73
      78
      74
      91
      79
      83
      92
      70
      94
      86
     100
      76
      92
      88
      94
      75
      99
     103
     100
     102
      94
      95
     111
     121
     102
     116
     101
     121
      87
     115
     125
     111
     117
     107
     110
     102
     102
     107
     100
      99
     119
     111
     115
      96
     119
     109
     107
     119
     127
     108
     107
      88
     101
     108
     125
     111
     115
     117
     120
     102
      95
     126
     104
     109
     107
      98
     105
     111
     107
     109
     121
     102
     115
      89
      99
      95
     104
      91
     102
     108
      82
     104
     118
     105
     106
      97
      85
      98
     103
      91
      97
     103
      96
      85
     104
      85
      90
      92
      85
     103
     101
     117
     102
      92
      86
     102
      87
      89
     104
     109
     100
      88
     101
     115
      94
     115
     102
     106
      87
      85
      84
      91
      83
      96
      95
      81
      83
      95
      88
      83
     103
      98
      96
      83
      88
     100
      90
     105
      86
     104
      88
      89
      93
      94
     103
      84
      87
      89
      89
      95
      81
      84
      84
      68
     102
      80
      87
      93
     105
      89
      77
      79
      74
      62
      80
      88
      82
      81
      87
     103
      84
      89
      90
      81
      83
      98
      99
      96
      87
      85
      93
      87
      83
      80
      77
      92
      86
      78
      90
      81
      93
      83
      75
      88
      97
      83
      96
      91
      88
      93
      67
      83
      89
      86
      87
      95
      88
      94
      75
      72
      75
      87
      75
      78
      72
     108
      83
      81
      74
     100
      64
      58
      94
      59
      76
      80
      71
      93
      78
      89
      76
      85
      78
      64
      97
      84
      73
      75
      72
      95
      77
      89
      81
      80
      83
      91
      78
      77
      78
      88
      73
      81
      81
      79
      74
      74
      81
      78
      82
      62
      77
      69
      58
      81
      79
      82
      89
      78
      94
      63
      70
      52
      69
      70
      65
      82
      71
      80
      94
      78
      73
      80
      67
      61
      73
      77
      69
      73
      79
      79
      68
      72
      70
      74
      61
      71
      75
      77
      76
      64
      67
      60
      51
      92
      71
      69
      65
      68
      64
      62
      61
      72
      67
      76
      69
      76
      63
      73
      88
      69
      85
      70
      73
      72
      68
      73
      62
      66
      68
      68
      66
      62
      84
      74
      74
      79
      93
      57
      79
      78
      61
      57
      70
      57
      65
      63
      82
      78
      73
      73
      62
      74
      77
      88
      85
      82
      74
      63
      74
      63
      67
      69
      76
      65
      75
      67
      60
      56
      83
      61
      58
      59
      65
      54
      68
      66
      79
      56
      78
      63
      72
      69
      59
      57
      53
      75
      79
      66
      69
      70
      67
      63
      72
      58
      57
      77
      69
      64
      81
      54
      81
      52
      55
      47
      51
      69
      65
      67
      64
      63
      77
      64
      73
      74
      66
      54
      54
      55
      54
      68
      91
      63
      54
      62
      65
      86
      64
      64
      65
      78
      49
      55
      61
      61
      62
      62
      67
      58
      64
      58
      74
      78
      70
      65
      60
      65
      60
      62
      63
      68
      66
      49
      66
      66
      69
      56
      60
      70
      64
      61
      54
      63
      65
      49
      73
      56
      87
      50
      67
      61
      51
      60
      69
      76
      59
      67
      58
      61
      74
      71
      54
      58
      57
      58
      73
      74
      73
      75
      63
      46
      65
      58
      50
      54
      59
      63
      71
      54
      61
      75
      58
      64
      51
      57
      64
      63
      60
      55
      55
      67
      66
      61
      49
      67
      49
      65
      62
      56
      60
      64
      53
      62
      71
      60
      61
      55
      54
      57
      58
      75
      66
      60
      46
      45
      49
      58
      59
      53
      53
      62
      74
      54
      55
      68
      60
      68
      59
      62
      64
      56
      53
      72
      76
      54
      60
      67
      53
      59
      61
      56
      62
      54
      54
      55
      60
      67
      63
      66
      56
      57
      63
      64
      58
      66
      59
      51
      67
      58
      65
      61
      54
      59
      63
      51
      53
      68
      53
      70
      62
      55
      51
      77
      48
      62
      62
      57
      54
      55
      51
      67
      64
      74
      62
      59
      63
      73
      49
      45
      56
      50
      52
      57
      48
      39
      64
      65
      59
      69
      61
      62
      58
      65
      50
      57
      65
      50
      58
      57
      59
      44
      61
      63
      68
      52
      52
      68
      66
      61
      51
      65
      46
      50
      55
      64
      60
      51
      68
      67
      60
      73
      49
      57
      77
      70
      61
      45
      49
      55
      62
      66
      69
      54
      65
      52
      48
      64
      71
      57
      40
      64
      62
      61
      62
      66
      82
      47
      58
      54
      43
      66
      51
      67
      72
      63
      59
      54
      72
      64
      62
      60
      45
      55
      62
      62
      66
      62
      65
      56
      66
      62
      70
      54
      58
      51
      61
      58
      66
      61
      37
      50
      56
      45
      48
      55
      74
      63
      56
      69
      68
      47
      68
      56
      59
      68
      51
      61
      48
      62
      66
      72
      60
      52
      63
      55
      67
      55
      56
      54
      56
      61
      42
      52
      68
      65
      47
      48
      53
      49
      58
      67
      58
      54
      66
      60
      71
      55
      69
      43
      69
      73
      65
      64
      59
      64
      58
      64
      59
      64
      61
      47
      48
      50
      64
      56
      58
      58
      59
      65
      74
      49
      61
      48
      47
      65
      59
      57
      61
      50
      57
      64
      58
      61
      50
      61
      49
      48
      68
      64
      56
      59
      58
      47
      69
      83
      59
      77
      76
      64
      53
      49
      51
      56
      43
      58
      52
      48
      53
      50
      61
      68
      61
      62
      62
      63
      64
      62
      58
      70
      65
      64
      54
      58
      54
      43
      56
      74
      67
      57
      56
      63
      60
      56
      52
      49
      69
      56
      59
      63
      71
      54
      62
      57
      55
      56
      57
      64
      67
      49
      63
      72
      47
      70
      65
      61
      56
      58
      59
      64
      61
      45
      53
      65
      58
      59
      72
      62
      60
      62
      56
      51
      69
      62
      52
      58
      63
      51
      52
      55
      62
      59
      56
      61
      70
      57
      65
      74
      61
      67
      86
      72
      50
      74
      74
      86
      95
      97
      91
      91
      68
      64
      72
      84
      59
      56
      68
      61
      59
      54
      52
      54
      60
      67
      56
      46
      62
      63
      67
      57
      64
      61
      65
      66
      55
      66
      61
      59
      66
      62
      61
      77
      65
      62
      66
      60
      72
      60
      58
      55
      50
      53
      66
      72
      72
      67
      73
      62
      55
      69
      65
      60
      63
      68
      65
      65
      68
      65
      66
      60
      59
      74
      56
      68
      66
      62
      60
      71
      62
      71
      77
      64
      68
      79
      58
      64
      63
      56
      64
      60
      65
      73
      75
      62
      64
      58
      61
      71
      66
      52
      72
      61
      64
      69
      65
      65
      61
      59
      54
      75
      74
      70
      64
      48
      63
      80
      76
      70
      70
      78
      72
      73
      49
      62
      67
      72
      60
      68
      48
      75
      70
      61
      60
      78
      65
      69
      70
      70
      73
      54
      63
      59
      61
      65
      69
      68
      91
      65
      76
      86
      76
      72
      40
      66
      45
      69
      63
      72
      48
      81
      57
      78
      74
      59
      66
      64
      69
      59
      66
      83
      84
      75
      72
      63
      66
      64
      73
      68
      76
      72
      56
      66
      72
      74
      63
      83
      80
      73
      72
      63
      85
      75
      68
      71
      83
      81
      78
      58
      72
      56
      86
      70
      65
      74
      61
      60
      66
      55
      70
      67
      76
      67
      55
      70
      66
      70
      76
      67
      65
      61
      82
      84
      72
      80
      66
      76
      66
      69
      67
      92
      70
      82
      79
      79
      67
      83
      80
      63
      69
      84
      71
      72
      65
      64
      76
      80
      72
      70
      75
      68
      94
      72
      88
      84
      73
      74
      92
      66
      75
      79
      70
      74
      68
      60
      82
      83
      89
      68
      90
      83
      88
     101
      68
      82
      84
      76
      81
      78
      83
      68
      84
     105
      95
      87
      93
      86
      58
      92
      79
      91
      71
      86
      99
      70
      96
      77
      95
     102
      77
      81
      89
      75
      91
      88
      79
      89
      92
      79
      64
      82
      87
      97
      94
     102
      90
      98
      78
      97
     104
      92
      90
      62
      81
      88
      96
      73
      95
     109
      99
      93
      87
      95
     100
      83
      91
      91
     107
      79
      88
      93
      81
      96
     107
     117
      97
      86
      97
     108
      90
     100
     103
      98
      87
      89
      96
      76
     101
      97
      81
      95
     100
     109
      98
      72
      92
      84
      87
      86
      93
      88
      86
     104
      91
      92
      94
     117
      98
      90
      87
      98
      74
     105
     110
     105
      83
      76
      87
      84
      99
      84
      84
      79
     104
      93
      86
      86
      84
      88
      92
      85
      91
      83
      75
      90
      62
      72
      67
      72
      82
      60
      70
      83
      83
      64
      80
      57
      74
      61
      66
      60
      64
      55
      64
      54
      60
      61
      68
      62
      62
      49
      45
      64
      47
      59
      59
      69
      63
      50
      59
      54
      57
      51
      58
      53
      54
      66
      56
      48
      68
      58
      48
      79
      54
      46
      50
      62
      50
      54
      62
      72
      62
      48
      47
      50
      58
      52
      59
      63
      56
      53
      38
      56
      47
      40
      47
      52
      60
      52
      53
      53
      34
      57
      37
      67
      50
      47
      48
      49
      55
      54
      49
      44
      45
      55
      36
      49
      43
      55
      40
      51
      49
      50
      51
      41
      46
      51
      43
      47
      46
      35
      46
      33
      44
      50
      46
      42
      41
      43
      49
      33
      46
      56
      38
      41
      46
      54
      34
      53
      46
      39
      42
      33
      38
      41
      44
      34
      43
      49
      41
      30
      32
      40
      27
      41
      42
      36
      43
      31
      41
      36
      33
      49
      33
      46
      55
      44
      48
      42
      43
      46
      58
      43
      46
      37
      34
      43
      27
      27
      31
      39
      42
      31
      48
      27
      42
      38
      30
      32
      50
      30
      40
      35
      35
      38
      29
      34
      39
      34
      25
      32
      26
      35
      25
      21
      25
      28
      33
      29
      22
      34
      38
      33
      15
      25
      29
      36
      27
      31
      30
      23
      32
      23
      34
      23
      27
      39
      27
      26
      32
      33
      28
      30
      28
      20
      30
      37
      24
      28
      21
      22
      31
      31
      18
      23
      27
      38
      30
      34
      35
      27
      30
      19
      21
      37
      26
      27
      25
      28
      36
      25
      31
      28
      30
      26
      30
      26
      26
      28
      30
      24
      35
      30
      27
      22
      25
      22
      27
      24
      20
      25
      30
      27
      30
      25
      23
      24
      26
      27
      16
      28
      21
      28
      33
      21
      24
      31
      20
      18
      27
      18
      18
      19
      16
      25
      20
      32
      28
      17
      22
      30
      20
      27
      26
      29
      24
      20
      18
      23
      20
      18
      24
      21
      20
      16
      15
      19
      20
      23
      17
      26
      19
      20
      17
      13
      22
      19
      20
      27
      25
      27
      23
      15
      23
      14
      23
      20
      14
      29
      25
      20
      20
      22
      21
      15
      21
      29
      23
      15
      11
      27
      30
      19
      13
      21
      20
      18
      23
      22
      20
      19
      17
      26
      19
      16
      23
      23
      22
      21
      13
      14
      20
      22
      27
      25
      25
      23
      18
      21
      26
      24
      22
      19
      21
      17
      33
      21
      20
      32
      41
      25
      12
      33
      18
      18
      20
      29
      16
      20
      20
      15
      16
      18
      20
      14
      18
      24
      19
      23
      15
      13
      22
      16
      20
      12
      21
      24
      23
      19
      17
      23
      11
      13
      17
      23
      22
      19
      22
      26
      23
      13
      26
      23
      20
      20
      12
      13
      26
      28
      19
      19
      11
      13
      22
      11
      22
       9
      16
      18
      15
      19
      16
      25
      24
      21
      20
      20
      21
      14
      22
      17
      13
      25
      15
      19
      25
       7
      24
      19
      12
      20
      12
      25
      18
      18
      15
      22
      17
      25
      13
      29
      26
      18
      16
      22
      14
      24
      13
      12
      25
      19
      15
      31
      17
      16
      21
      23
      15
      17
      12
      21
      21
      21
      19
      11
      21
      22
      14
      18
      13
      18
      20
       9
      22
      20
      16
      18
      17
      18
      21
      25
      15
      13
      19
      13
      15
      17
      16
      16
      23
      21
      28
      12
      25
      19
      15
      25
      15
      25
      31
      37
      51
      58
      66
      71
     102
     170
     382
    1048
    2555
    4960
    7517
    8604
    7447
    4872
    2343
     904
     288
      64
      26
       7
      10
      13
       4
       9
       4
       7
       7
       9
      10
       9
       7
       8
      11
      10
       9
       9
       5
       8
       4
      11
       6
       9
       8
       9
      16
       9
       7
       6
       8
      11
       7
      10
       8
       8
       8
       8
      10
       4
       8
       8
      14
       8
       9
       8
       4
       5
       5
      16
      10
       7
       2
      12
       6
      12
       4
       7
      10
      11
       8
      14
       8
       9
      10
       9
       9
       7
      14
      10
       9
       7
      15
       8
      11
      10
       5
       8
       2
       7
       9
       3
       8
       8
       6
       3
       6
       8
       7
      11
       9
       6
       6
       5
       9
       7
       6
       7
       6
       6
       5
       6
       9
       9
       6
       6
       9
      12
       8
       3
       6
      14
       5
       5
       5
       7
       6
       9
       5
       3
       9
       7
       9
       5
       2
       8
       9
       5
       8
      12
       3
      11
       4
       4
       8
       7
      10
       6
       8
       3
      10
       5
      10
       5
       9
       7
      11
       9
      13
       6
       7
       8
       8
       7
       8
       9
       8
      10
       2
      11
       8
      11
       4
       6
       6
       2
       4
      11
       8
      10
      12
       9
      10
       9
       9
       6
      10
      14
      15
       7
       6
      10
      12
       3
       7
       6
       4
       5
       8
       7
       8
       4
       4
       9
       9
       6
       7
       5
       7
       9
       6
       3
       8
       6
       3
       7
      11
       4
       6
       5
       6
       9
      10
       5
       6
      11
       5
      12
       7
       4
       5
       7
       7
       7
      10
       8
      12
       6
      13
       6
       4
       6
       9
       8
       3
       6
       4
      10
       7
      11
       7
       4
       8
      13
       8
       5
       5
       8
      10
      10
       4
      12
      13
       6
       8
      12
       7
       6
       9
       8
       3
       5
      11
      10
       7
      11
       3
      10
       7
       9
       6
       6
       7
       5
       6
       9
       7
       8
       7
      13
       3
       9
       6
       8
       5
       8
      10
       9
       5
       7
       9
      15
      11
       8
       3
      10
       3
      11
      10
       8
       7
       8
       8
       8
       8
       6
      10
      12
       8
      10
       3
       3
       7
      12
       7
       4
      14
       7
      10
       9
       5
      10
       6
       8
       6
       5
       7
       6
       9
      12
      10
       4
       8
       9
       4
      13
      10
       9
       7
      13
       3
       8
       9
      10
       9
       6
       8
       9
       4
       2
       7
      12
      16
       8
       6
      11
       7
      10
      10
       7
      10
       3
       9
      10
       6
      13
       4
       5
       8
      10
       9
       6
      10
      10
      20
       6
       7
       9
       6
       5
      11
       8
       6
      10
       7
       9
       8
      10
       9
       6
       8
       7
       7
      11
       8
       9
      14
       7
       3
       8
       8
       3
       5
       7
      13
       6
      11
       8
      10
       7
      10
       9
      10
      12
       7
       9
      11
      14
       6
      10
       5
      11
       8
       5
       9
       7
       6
       6
       6
       8
       5
       3
       5
      11
      14
       3
      10
       4
       5
       3
       8
       6
       4
       5
      10
       7
       5
       4
       6
      10
       7
       3
       9
       6
       7
      11
      14
       7
      13
       4
      11
       9
       7
       7
       9
       7
       8
       6
       8
       7
       9
      12
       2
       3
       5
       7
       5
       6
      10
      13
       7
      10
       3
      12
       9
       7
       5
       2
      12
      12
       7
       5
      11
      10
      10
      10
       5
       6
       6
       5
       6
       9
       9
       7
       7
       9
      11
       8
       9
       7
      10
       6
       2
      10
       7
       7
      10
       7
       7
       8
       9
       6
       9
       7
       6
       9
      16
      10
      10
      13
      13
       9
      12
       9
       9
       8
      11
       6
       6
      12
       9
       8
       8
       5
       6
       6
       5
       7
      13
       9
       5
      10
      12
      10
       7
       6
       7
       6
       5
       5
      14
      10
       6
      12
       3
       4
       5
       7
       8
       5
       4
       4
       9
       5
      10
      10
      10
       4
       7
       9
      11
       7
       9
       8
       6
       7
       9
      11
       1
      10
      11
       5
      11
       3
       9
       5
       6
       6
       8
       8
       7
      10
      14
      11
       3
      10
       7
       9
       9
       5
       5
       7
      11
       9
      10
       7
       8
       9
       8
       8
       7
       9
       7
       7
      11
       9
       4
      13
       9
       8
       9
       8
       8
      10
       5
       9
      11
      10
       9
       7
      10
       3
       5
       8
       5
       6
       0
      13
      14
       6
       7
       8
       5
       9
       3
       5
      10
       4
       9
       9
      10
       5
       7
       9
       9
       5
       6
       5
       9
      11
       8
       8
       7
      12
      12
      11
      11
      14
      19
      16
      26
      21
       9
       9
      11
      10
       7
       7
       4
      11
       9
       8
       9
       4
       7
       6
       9
      11
       9
      12
       8
       7
       8
       4
       5
       5
       6
      13
       4
       5
      13
       3
       3
       5
       8
      10
       7
       6
       5
       3
       9
       9
      10
       7
       7
       2
       7
      12
      11
      10
       5
       9
       6
       6
       8
       9
       8
      12
       9
      13
       8
       5
       7
      11
       2
       9
       9
      12
       7
      11
       8
       9
       7
      10
       8
       8
       8
       4
       7
      11
       9
      10
      10
       7
       9
       5
       6
       9
      10
       4
       6
       7
       5
       7
       6
      10
      11
       9
      11
       6
       7
       8
       6
       9
       7
      10
       6
       5
      11
       8
      14
      12
       7
       8
       6
       7
       6
      12
       4
       2
       9
       2
       9
       7
       4
       3
       8
      10
      11
       8
       9
       8
      10
       5
      11
      15
       5
      12
       8
       8
       7
      10
       7
       7
      13
       5
      12
       3
      11
       7
       9
       6
       8
       8
       3
       6
       9
       9
       8
       3
       9
       7
       9
       4
       8
       7
       8
       6
      11
       5
       6
      12
       5
       9
       4
      16
       9
      11
       7
      12
       6
       9
       7
       7
       6
       4
      15
       8
       5
      13
       5
       8
      11
       9
       9
      12
       4
      13
      12
       7
      12
       9
      11
       7
      10
       4
       6
      10
       4
       6
      10
       6
       7
       6
       5
      10
       6
       5
      10
       7
       8
      11
       9
       7
       6
       3
      10
      16
       4
      11
      13
      16
       6
       7
      11
      12
      12
      15
       8
      12
      10
      11
      11
      10
       8
       6
       4
       6
       8
       9
      11
       1
       7
      10
       9
       9
       9
      10
      10
       9
       8
       3
       6
       6
      11
       9
       8
      13
      13
      10
       7
       9
      10
       7
       6
      11
      14
       6
      11
      10
       5
       8
       9
       4
       5
      10
      12
      12
       6
       5
       7
       6
      12
       6
      11
       7
       7
       5
       8
      11
      10
       5
       2
       8
       5
       8
       8
       9
       7
       5
      11
       6
      10
      10
       3
      13
       6
       8
       7
      12
       7
      10
      10
      11
       8
       6
       3
      14
       6
       7
       6
       5
      14
      10
       6
      10
       9
      13
      10
       6
      14
       5
       9
       6
      12
      10
       9
      12
       9
      13
       3
      11
       3
      12
       4
       8
      10
      12
       5
       5
       7
      10
      13
       6
      13
      10
      11
       6
       9
       9
      11
       5
      11
      12
       6
       7
      11
      10
       8
       8
      10
      13
       6
      10
       8
       7
       5
      10
       6
       9
      13
       4
      11
      16
       9
       8
      12
       7
       7
      12
      14
       7
       6
       9
       3
       9
      12
      12
       5
       6
      10
       9
      14
      15
      17
      11
       9
      10
      12
      12
      13
       8
       7
      10
       6
       4
      10
       8
      10
       6
      13
       8
      14
      15
       8
       7
       7
       9
      10
       5
      10
      10
       9
       7
       9
       9
       7
      10
       9
       1
       7
      11
      15
      12
      14
      12
      14
       7
       7
      12
      12
       8
      10
       9
       9
       5
       8
       5
      11
      11
      15
      12
      12
       8
       8
       6
       7
       3
      11
       8
       7
       8
      13
      12
       7
      11
       6
       7
       4
      11
      10
      12
      11
       3
       8
       9
      14
       7
      10
       8
      11
      13
      12
      17
       5
       7
       8
       9
       8
       6
       5
       8
       7
       8
       5
      15
       9
      11
       9
      13
       7
       7
       5
       8
      12
       6
       8
       8
       8
      11
       9
       3
      10
      11
       8
       5
      10
      14
      11
      14
      13
       8
      11
      13
      18
       8
       9
       6
       8
       6
      13
       9
      17
       9
      11
       6
      12
      10
       6
       8
       6
       9
       8
      13
       9
      10
       9
       7
       8
      12
       8
      10
      11
      10
       8
       9
       8
      14
      12
       9
      12
      14
      18
      27
      24
      19
      36
      29
      17
      18
      27
      18
      14
      12
      11
       9
       9
       9
      11
      10
       6
       6
       9
       8
       5
       9
      11
      10
      12
      13
      12
      13
      11
       7
       7
       7
       6
       7
      14
      10
      11
      12
      15
      12
       9
      11
      11
      14
       7
       9
      10
       5
       8
       8
       6
      13
       8
       9
       9
      12
       6
       8
      12
      14
       9
       5
       3
      10
       6
      11
       9
      11
      10
      14
      13
       7
      10
       5
      17
       6
      15
      10
       5
      12
      11
       7
       9
       8
       4
       6
      17
       9
      12
       7
      10
       7
       6
      14
       8
      14
       9
      14
       9
      13
       8
       9
       6
       6
       6
      10
       6
      12
       6
       9
      12
       8
       8
       6
      11
       7
       5
      11
      14
       6
       3
      13
       9
       7
      10
      10
      11
       8
       4
      11
      12
       9
       7
       9
       9
       6
       8
       7
      11
      11
       5
      10
       5
      10
       5
       7
       6
      13
       5
       7
      10
      11
       6
       8
       7
      14
       9
       5
       9
      11
       8
      12
      12
       8
      13
      12
       9
       7
       6
       7
       6
      11
      12
      17
      11
       9
      14
       7
      14
      13
       5
       9
      12
       7
      12
      10
      10
       8
       7
       3
       6
       7
      16
       6
       6
      15
       9
       5
      12
       4
      10
      10
      12
      10
       8
      14
      12
      11
       9
      11
      13
      15
       5
       8
      13
      11
       5
       7
       6
      10
      10
      12
      10
      10
       9
       5
       4
       7
       7
      18
      11
      19
      11
      17
      14
       8
       7
       7
      13
      11
      10
       7
      10
       7
       6
      12
      14
       6
      11
       8
       7
       9
      11
       7
       9
      12
       7
       6
      11
      13
       8
       8
      11
       4
       8
       6
       9
      14
      10
      13
      11
       7
       7
      11
       9
       5
      12
      11
       4
      10
       9
       6
       5
       8
       4
      14
      11
       6
       8
      11
      10
      12
       9
       9
       8
      15
      10
      11
      10
      13
      15
      10
      14
      17
       9
       8
      10
       5
      15
       8
       9
      11
       8
       7
      10
       7
      12
      10
       8
      13
      10
      12
       9
      11
      13
       7
       7
      11
      12
       4
       6
      14
      11
      11
      15
      11
      16
      20
      12
      11
       8
       8
       9
      19
       8
       5
       6
      15
      11
      11
      12
      10
      13
      10
       6
       7
      12
       7
       5
       8
      12
      12
       8
       9
      11
      11
       8
      12
      10
       2
       9
       9
      11
       3
      10
       4
      13
      16
      17
      14
       7
      16
      13
      13
      14
      12
       8
      11
      14
      16
      14
      12
       5
       8
      11
      11
      12
      10
      15
      12
      10
      10
      13
      11
      12
      11
       8
      18
      10
      13
       5
       8
      11
       5
      15
      15
      12
       9
      10
      11
      12
      12
       6
       8
      11
      10
       9
      12
      16
      12
      12
      18
      21
      10
       6
      11
       9
      15
      18
      14
      14
       6
      12
       9
       8
      17
      15
       8
      13
      12
      17
      14
      19
      21
      23
      18
      28
      17
      22
      14
      18
       6
       8
      19
      10
       6
      13
      12
      11
       8
      14
      11
      11
      14
      11
      11
      16
      10
      23
       9
      16
      11
      13
      10
      14
       9
      11
      13
      10
      11
      13
      10
      10
      13
      11
      15
      12
       4
      13
      18
       9
      13
       6
      13
      14
       9
      11
      11
      19
       8
       9
      11
      11
       8
      13
       5
      10
      11
       7
       9
      14
      17
      13
      12
      16
       9
      14
       2
       8
      18
       5
      16
      14
      16
      10
       7
       4
       9
      15
       9
      11
      11
       8
      10
       7
      11
      14
      16
      12
      13
      14
      12
       6
      12
      14
      16
      14
      10
      11
      14
       6
      15
       5
      11
       9
      10
      11
      18
      13
      15
       9
      14
      12
      14
      22
       7
      10
      17
      11
      14
      10
      15
       7
      13
      15
      15
      18
       7
      12
       9
       6
      11
      14
      16
      12
      13
      14
      18
      13
       7
      14
      13
      13
      11
      15
      13
      18
      19
      12
      13
      16
      12
      12
      13
      15
      14
       9
      22
      12
      12
      19
      15
      17
      14
      16
      16
      13
       9
       6
      10
      10
      16
      20
      15
      17
      20
      16
      18
      10
      20
       8
      20
      16
      14
      12
       6
      13
      22
      18
      17
      13
      12
       9
      10
      13
      15
      11
      16
      16
      13
      14
      18
      13
      21
      17
      17
      16
      14
      14
      16
      16
      21
      10
      13
      14
      17
      18
      10
      12
       8
      16
      22
      12
      13
      15
      14
      11
      15
      18
      11
      14
      16
      13
      16
       8
      10
      16
      15
      14
      12
      13
      13
      11
      12
      13
      16
      10
      12
      13
      17
      14
      13
      10
      14
      16
      13
      17
      11
      12
      11
      15
      17
      22
      21
      17
      15
      15
      13
      16
       9
      21
      17
      19
      10
      16
      22
      12
      10
       6
      19
      19
      17
      11
      14
      23
      14
      15
      13
      20
      15
      11
      13
      17
      11
      19
      15
      16
       6
      18
      15
      14
      14
      14
      16
      14
      11
      21
      19
      18
      22
      21
      15
      18
      18
      10
      17
      15
      13
      18
      16
      25
      16
      13
      20
      22
      11
      22
      15
       6
      16
      18
      18
      16
      22
      17
      17
      13
      12
      13
      18
      14
      19
      22
      11
      15
       9
      13
      16
      16
      13
      24
      16
       8
      13
      11
      17
      21
      14
      14
      12
      13
      12
      13
      12
       6
      17
       7
      16
       5
      15
      14
      14
      15
      11
      18
      12
       7
       9
       6
       8
       9
      13
      16
      16
      13
      17
      21
      20
      23
      21
      25
      39
      31
      34
      20
      21
      16
      22
       9
      12
      12
       7
      16
       9
       1
       6
      12
      15
      15
       9
       7
       9
      13
       9
       6
       6
       4
      16
       9
      12
       9
      13
      16
       8
      16
      13
      12
      12
      14
      13
      10
       7
      11
      15
       9
      12
      13
      16
       9
      10
       9
      12
       9
      12
      13
       8
      12
      10
      12
      13
       6
       7
      15
      10
       9
      11
      13
       8
      14
      12
      11
      11
      13
       8
      14
       7
       9
       8
      15
      10
       9
      12
       9
      10
       9
       9
      13
      11
       7
      13
       8
       8
      14
      15
       3
      13
       9
      13
      13
       8
       6
       9
       9
       9
       5
      12
      13
      15
      12
       7
      10
      13
       7
       9
      10
      11
      11
       7
      11
      14
      11
      12
       6
       8
      11
       9
       7
       9
      11
      18
       9
      12
      12
       8
      14
       7
      17
       8
       9
       7
      11
       7
       8
      12
      13
      11
      15
      11
       9
       7
       6
      13
       5
      10
      15
       9
       8
       7
       7
       9
      11
       2
      16
      11
      16
      11
       8
       5
       9
       9
       8
       8
       9
       5
       7
      13
       6
       7
      10
       8
       8
      11
      10
      15
       7
      11
       7
      10
       7
       8
       8
      10
      12
       7
       9
       7
       7
       9
       8
      10
      11
      12
      11
       8
      12
       8
       7
       9
      13
       9
       9
       7
      12
      10
       9
       9
      11
       8
      10
       9
       3
      10
       5
       7
      10
      16
       9
       8
       9
       7
      16
       6
      11
       8
       6
       6
       5
      11
       6
      12
      11
       5
       9
       7
       4
       8
       6
       5
       4
       7
      11
       7
       5
       4
       4
      10
      12
       4
       7
       8
       4
       3
       7
      11
      12
       7
       3
       8
       8
       4
       5
      10
       6
       4
       3
       6
       5
       9
       3
       4
       3
       7
       7
       7
       6
       2
       4
       4
       2
       4
       9
       5
       8
       4
       7
       7
      10
      11
       9
       9
       5
      10
       7
       5
       8
       6
       4
       7
       6
      13
       9
       6
       6
       5
       4
       5
       9
       5
      11
       7
       3
       3
       7
       5
       7
       8
       5
       6
       6
       6
       6
       8
       5
       7
       3
       6
       4
       7
       5
       5
       4
      10
       6
       7
       4
       7
       5
       6
       8
       8
       5
       2
       5
       4
       6
       6
       4
       7
       3
       8
       5
      12
       5
       9
       7
       6
      11
       9
       6
       5
       1
       9
       4
       4
       9
       9
      10
       4
       4
       5
       9
       6
       4
       6
       2
       6
       6
       2
       9
       8
       5
       2
      10
      10
       3
       6
      10
       6
       2
       8
       5
       9
       2
       8
       6
       3
       6
       9
       4
       1
       7
       6
       7
       4
       7
       5
       6
       4
       5
      11
       6
       5
      10
       8
       6
      13
       7
       3
       4
       4
       4
       6
       7
       5
       4
       7
      12
      11
       2
       4
       2
       9
       4
       8
       9
       5
       3
       6
       3
       4
      10
      12
      11
       8
       6
       7
       6
       7
       5
       6
      11
       7
       5
       2
       5
      14
       2
       4
       4
       6
      10
       7
       7
       4
       7
       7
       9
       9
       6
       8
       5
       9
       3
      10
       6
       5
       6
       6
       3
      10
       7
       4
       2
       7
       8
       5
       5
       2
       7
       5
       3
       2
       8
       9
       7
       8
       7
       6
       2
       6
       7
       6
       4
       6
      10
       4
       6
       3
       6
       7
       5
       6
       8
      13
       5
       2
       7
       7
       5
       9
       3
       4
       6
       8
       4
       4
       6
       6
       7
       9
       5
       5
       8
       1
      13
       9
      10
       9
       8
       8
       6
       8
       7
       2
       4
       8
       5
       1
       8
       8
       6
       6
       9
      12
       7
       3
       5
       3
       4
       5
       9
       5
       5
       8
       9
       9
      10
      15
      20
      17
      23
      28
      86
     123
     232
     413
     595
     854
     965
     972
     905
     668
     442
     226
     113
      47
      14
       8
       7
       7
       9
       4
       6
       5
       7
       8
       5
      11
       4
       9
       6
      10
       7
       2
       8
       4
       8
       9
       3
       5
       8
       6
       6
       4
      10
       4
       2
       2
       2
       6
       5
       7
      10
       5
       4
       4
       7
       6
       4
       7
       7
       7
       4
       3
       7
       4
       8
       5
       4
       6
       6
       9
      11
      11
       8
       4
       5
       5
       8
       8
       7
       6
      10
       4
       6
       5
       5
       5
       1
       6
      10
       8
       6
      10
       6
       6
       6
       7
       6
      13
       8
       4
       9
      10
       2
       7
       4
       3
       7
       9
       7
       4
       3
       6
       1
       4
       3
       6
       8
       3
      11
       4
       5
       5
       4
       7
      15
       7
       5
       5
       6
       5
       3
       3
       7
      10
       5
       4
       3
       8
       4
       5
       5
       5
       6
       5
       9
      12
      10
       6
       5
       6
       9
       9
       9
       1
       6
       4
       7
      12
       8
       6
       7
       6
       7
       8
       6
       5
       7
       6
      11
       6
       7
       6
       7
      12
       5
       6
       7
      11
      12
       4
       1
       7
       8
       7
      11
      10
       5
       1
       7
      10
       6
       6
       6
       7
       9
       5
      12
       6
       9
       8
       9
       6
       5
       9
       6
       7
       4
       6
       8
       8
       2
      12
       5
       7
      15
       5
       6
       6
       8
       9
       5
       5
       3
       7
       8
      11
       2
       6
       6
       6
       5
       5
       7
       7
       5
       6
       6
       5
       7
       3
       5
       6
       5
       3
       7
       8
       6
       2
       4
       6
       5
       8
       1
       4
       6
       9
       2
       6
       7
       5
       6
       5
       8
       7
       8
       2
       6
       4
       4
       4
       4
       5
       4
       3
       3
       3
       6
       1
       2
       4
       8
       2
       8
       6
       6
       5
       7
       2
       2
       4
       4
       3
       8
       4
       3
       6
       4
       7
       3
       3
       5
       1
       4
       3
       6
       3
       4
       3
       2
       7
       4
       0
       2
       5
       4
       6
       8
       7
       4
       7
       2
       8
       5
       7
       7
       4
       2
       2
       7
       9
       4
       4
       3
       5
       5
       4
       1
       5
       6
       3
       4
       4
       5
       2
       5
       2
       3
       4
       4
       6
       3
       4
       3
       2
       6
       7
       8
       5
       3
       5
       5
       1
       8
       5
       5
       6
       7
       6
       3
       5
       2
       7
       3
       5
       4
       3
       4
       4
       2
       5
       3
       5
       2
       2
       4
       7
       2
       3
       5
       6
       3
       2
       3
       3
       4
       3
       4
       4
       4
       2
       5
       6
       4
       4
       4
       3
       4
       7
       1
       2
       3
       1
       4
       4
       4
       2
       2
       4
       2
       3
       8
       5
       4
       1
       7
       2
       3
       1
       6
       3
       3
       3
       4
       4
       5
       2
       0
       5
       5
       3
       3
       5
       5
       4
       3
       3
       8
       3
       3
       2
       5
       3
       3
       5
       3
       4
       4
       6
       1
       5
       1
       7
       4
       5
       5
       3
       6
       3
       3
       3
       3
       4
       1
       4
       2
       5
       1
       5
       3
       5
       5
       3
       3
       0
       1
       1
       4
       1
       1
       3
       2
       1
       5
       3
       2
       4
       2
       5
       1
       3
       1
       3
       2
       3
       4
       0
       0
       5
       0
       2
       3
       2
       1
       4
       2
       0
       3
       1
       6
       5
       4
       2
       3
       4
       3
       2
       2
       4
       2
       0
       4
       1
       1
       4
       1
       4
       2
       1
       3
       2
       3
       5
       2
       2
       2
       1
       2
       6
       1
       1
       2
       3
       2
       4
       2
       0
       0
       2
       0
       3
       4
       1
       1
       0
       3
       2
       2
       3
       2
       5
       3
       2
       4
       4
       4
       6
       4
       1
       2
       3
       5
       2
       1
       2
       3
       4
       1
       4
       3
       2
       0
       3
       4
       1
       3
       3
       3
       2
       5
       3
       1
       0
       1
       3
       1
       1
       3
       4
       1
       3
       0
       3
       2
       6
       4
       3
       3
       1
       4
       1
       1
       1
       0
       1
       3
       2
       3
       2
       1
       1
       2
       3
       0
       3
       4
       3
       2
       2
       1
       2
       1
       1
       3
       3
       0
       3
       1
       3
       0
       0
       1
       0
       0
       2
       2
       1
       3
       0
       2
       0
       2
       1
       4
       3
       2
       2
       1
       2
       3
       2
       2
       1
       2
       6
       2
       2
       1
       4
       3
       4
       1
       1
       0
       3
       2
       1
       3
       3
       3
       1
       1
       0
       0
       1
       0
       5
       0
       3
       1
       0
       2
       0
       2
       4
       3
       3
       3
       4
       0
       0
       0
       2
       0
       2
       3
       3
       2
       1
       2
       3
       1
       2
       3
       3
       1
       1
       8
       5
       3
       3
       1
       1
       2
       0
       1
       0
       1
       2
       2
       3
       3
       1
       3
       3
       3
       4
       1
       1
       2
       1
       2
       1
       2
       3
       1
       0
       2
       4
       2
       1
       2
       3
       2
       0
       0
       2
       3
       4
       2
       4
       1
       5
       1
       1
       1
       0
       3
       2
       2
       1
       1
       3
       3
       3
       3
       2
       1
       1
       3
       3
       2
       2
       3
       0
       1
       3
       0
       2
       0
       4
       2
       2
       6
       2
       0
       1
       2
       1
       2
       1
       1
       3
       2
       4
       3
       1
       0
       5
       1
       1
       0
       1
       0
       1
       3
       3
       0
       0
       1
       0
       2
       2
       0
       2
       2
       4
       1
       1
       1
       0
       7
       1
       3
       4
       3
       2
       5
       8
      17
      22
      43
      85
     137
     224
     304
     387
     400
     471
     302
     293
     179
     124
      73
      30
      12
       6
       1
       2
       1
       3
       3
       1
       1
       2
       3
       1
       1
       4
       2
       1
       1
       1
       0
       3
       2
       0
       1
       2
       1
       2
       2
       3
       0
       0
       0
       0
       1
       1
       2
       1
       0
       0
       1
       2
       1
       4
       7
       0
       2
       0
       0
       1
       1
       1
       3
       1
       0
       4
       1
       0
       1
       1
       1
       0
       2
       1
       1
       1
       0
       2
       1
       2
       0
       1
       1
       1
       1
       0
       1
       2
       2
       4
       1
       1
       2
       2
       2
       2
       6
       0
       1
       4
       3
       1
       3
       2
       4
       1
       1
       0
       5
       1
       3
       2
       2
       2
       0
       3
       0
       1
       2
       3
       1
       1
       1
       1
       0
       1
       1
       0
       1
       3
       2
       1
       2
       2
       1
       2
       2
       2
       0
       3
       1
       1
       3
       1
       2
       2
       3
       2
       1
       0
       1
       0
       1
       2
       1
       0
       2
       2
       2
       2
       1
       0
       2
       2
       4
       3
       1
       0
       2
       0
       1
       0
       2
       1
       1
       0
       0
       1
       2
       1
       1
       1
       1
       1
       0
       1
       1
       0
       3
       0
       1
       2
       2
       1
       2
       0
       1
       0
       0
       4
       0
       3
       0
       0
       1
       2
       3
       3
       0
       2
       1
       3
       0
       0
       1
       2
       0
       0
       1
       1
       2
       1
       2
       3
       2
       3
       0
       4
       1
       1
       2
       1
       1
       1
       1
       0
       1
       0
       1
       2
       1
       2
       1
       2
       0
       2
       1
       0
       3
       3
       1
       2
       1
       1
       3
       1
       2
       1
       2
       0
       1
       1
       0
       2
       2
       0
       0
       1
       3
       1
       1
       1
       1
       2
       1
       1
       0
       0
       1
       0
       0
       2
       0
       2
       0
       1
       1
       2
       2
       0
       0
       0
       1
       1
       3
       0
       1
       0
       6
       2
       4
       3
       0
       1
       1
       0
       1
       2
       3
       2
       2
       1
       0
       4
       4
       0
       2
       1
       2
       2
       1
       0
       0
       4
       1
       1
       0
       0
       4
       2
       1
       0
       2
       3
       1
       1
       0
       2
       2
       1
       0
       0
       1
       0
       1
       1
       0
       0
       0
       1
       0
       0
       1
       1
       1
       1
       1
       1
       2
       0
       2
       2
       3
       1
       0
       1
       0
       0
       0
       2
       1
       0
       0
       1
       0
       1
       1
       1
       1
       4
       1
       0
       1
       1
       0
       1
       1
       0
       0
       2
       0
       0
       1
       1
       0
       2
       0
       2
       3
       1
       0
       2
       3
       3
       0
       1
       1
       2
       0
       1
       3
       1
       1
       1
       0
       1
       1
       2
       0
       0
       2
       1
       5
       1
       3
       1
       0
       3
       1
       0
       1
       0
       0
       1
       1
       0
       1
       0
       1
       2
       0
       0
       0
       2
       2
       2
       4
       3
       0
       0
       1
       2
       2
       2
       0
       0
       1
       2
       0
       1
       1
       3
       0
       0
       1
       1
       2
       1
       2
       2
       2
       1
       1
       2
       1
       1
       2
       0
       2
       1
       0
       0
       0
       1
       1
       1
       3
       2
       1
       0
       0
       2
       2
       0
       1
       1
       1
       0
       1
       2
       3
       2
       2
       2
       3
       3
       0
       0
       1
       1
       1
       1
       0
       0
       2
       3
       2
       2
       1
       1
       1
       1
       1
       0
       1
       1
       0
       2
       2
       1
       2
       3
       0
       2
       2
       2
       0
       1
       2
       1
       1
       1
       4
       1
       2
       1
       0
       1
       2
       2
       1
       2
       0
       4
       2
       1
       0
       1
       1
       0
       0
       0
       1
       0
       0
       1
       2
       4
       1
       2
       1
       3
       0
       3
       1
       1
       1
       1
       1
       1
       1
       2
       4
       2
       0
       1
       2
       1
       0
       6
       5
       2
       0
       0
       2
       1
       4
       3
       2
       2
       1
       2
       1
       1
       3
       1
       1
       0
       1
       1
       0
       1
       1
       0
       2
       1
       0
       3
       1
       1
       3
       1
       0
       1
       3
       1
       0
       2
       2
       1
       2
       2
       1
       1
       2
       2
       1
       2
       0
       1
       0
       1
       1
       1
       4
       2
       1
       1
       2
       0
       0
       1
       1
       0
       1
       1
       0
       1
       1
       2
       1
       0
       1
       0
       1
       1
       2
       4
       1
       1
       0
       1
       2
       0
       0
       0
       4
       3
       3
       3
       3
       1
       1
       0
       1
       0
       0
       1
       3
       1
       2
       0
       2
       1
       2
       1
       1
       0
       0
       0
       1
       1
       0
       1
       1
       1
       0
       4
       1
       1
       3
       1
       1
       1
       1
       2
       1
       2
       1
       1
       1
       3
       1
       1
       2
       0
       3
       3
       3
       2
       3
       2
       1
       0
       0
       2
       1
       0
       2
       3
       1
       7
       0
       1
       2
       0
       1
       1
       0
       1
       1
       1
       0
       0
       0
       1
       4
       1
       0
       0
       1
       3
       0
       2
       2
       1
       0
       3
       1
       2
       1
       1
       1
       0
       1
       1
       1
       1
       1
       2
       2
       3
       1
       1
       2
       0
       2
       3
       2
       2
       2
       0
       2
       1
       2
       2
       2
       1
       1
       3
       1
       1
       0
       1
       0
       1
       0
       1
       2
       1
       1
       2
       1
       1
       3
       1
       1
       0
       1
       1
       1
       1
       1
       1
       0
       0
       0
       1
       1
       0
       0
       2
       1
       1
       1
       1
       0
       0
       3
       3
       2
       2
       2
       2
       0
       0
       2
       1
       1
       0
       2
       2
       2
       0
       2
       0
       0
       1
       2
       1
       1
       1
       5
       2
       3
       2
       1
       1
       1
       2
       0
       4
       2
       0
       0
       0
       0
       2
       0
       3
       0
       0
       2
       1
       0
       0
       0
       2
       1
       0
       2
       1
       3
       2
       0
       1
       2
       4
       1
       1
       3
       1
       1
       2
       3
       1
       0
       2
       1
       3
       1
       1
       2
       1
       2
       0
       0
       2
       0
       1
       2
       2
       2
       0
       0
       2
       1
       1
       0
       3
       1
       1
       2
       1
       1
       3
       0
       0
       1
       2
       1
       2
       1
       1
       3
       3
       0
       2
       6
       0
       0
       4
       1
       5
       3
       0
       1
       0
       1
       0
       0
       1
       1
       1
       1
       1
       2
       2
       0
       1
       0
       2
       2
       2
       1
       1
       2
       1
       0
       0
       0
       3
       2
       1
       3
       1
       0
       1
       1
       0
       0
       2
       2
       0
       0
       0
       1
       1
       2
       3
       0
       1
       1
       1
       3
       2
       1
       1
       0
       0
       0
       5
       0
       1
       0
       0
       0
       1
       2
       0
       1
       0
       1
       2
       0
       1
       1
       3
       0
       3
       2
       0
       0
       2
       1
       1
       2
       0
       0
       2
       3
       1
       1
       0
       2
       2
       0
       2
       0
       1
       0
       0
       0
       0
       0
       1
       0
       0
       1
       1
       1
       0
       1
       0
       1
       0
       1
       1
       1
       2
       1
       2
       0
       0
       1
       1
       1
       0
       1
       1
       1
       1
       0
       0
       0
       0
       0
       0
       1
       0
       1
       0
       1
       0
       1
       0
       1
       2
       1
       0
       1
       2
       1
       1
       2
       0
       1
       0
       0
       0
       3
       1
       1
       1
       1
       1
       0
       0
       0
       0
       0
       0
       0
       1
       0
       1
       0
       2
       0
       1
       0
       0
       0
       3
       1
       0
       0
       1
       0
       0
       0
       1
       2
       0
       1
       1
       0
       0
       4
       4
       4
       5
       4
       8
      12
      24
      27
      33
      15
      16
      19
      15
      11
       3
       0
       0
       1
       2
       1
       0
       0
       1
       0
       0
       2
       0
       0
       0
       1
       0
       0
       0
       1
       0
       0
       0
       1
       0
       0
       0
       0
       1
       1
       0
       1
       0
       2
       2
       0
       0
       1
       0
       2
       0
       0
       2
       0
       1
       0
       0
       0
       0
       0
       1
       2
       1
       0
       0
       2
       0
       0
       1
       0
       2
       1
       0
       0
       1
       0
       1
       0
       0
       0
       0
       0
       1
       1
       1
       1
       1
       0
       0
       0
       1
       1
       3
       1
       1
       0
       0
       1
       0
       0
       0
       0
       0
       0
       0
       1
       0
       0
       2
       0
       1
       0
       4
       2
       0
       1
       1
       0
       0
       1
       0
       0
       2
       0
       0
       0
       0
       1
       0
       0
       0
       0
       0
       1
       0
       0
       2
       1
       1
       0
       0
       0
       0
       0
       0
       0
       1
       0
       0
       0
       1
       0
       0
       0
       0
       0
       0
       0
       0
       0
       0
       2
       0
       0
       0
       0
       1
       0
       0
       0
       0
       0
       0
       1
       0
       0
       1
       0
       0
       0
       0
       1
       0
       0
       0
       0
       0
       0
       1
       0
       0
       1
       0
       0
       0
       0
       0
       1
       0
       0
       0
       0
       1
       1
       0
       1
       0
       0
       0
       0
       0
       0
       0
       2
       1
       1
       0
       1
       0
       2
       0
       1
       0
       0
       0
       0
       1
       1
       0
       0
       0
       1
       0
       0
       0
       1
       0
       0
       0
       0
       0
       1
       1
       0
       1
       0
       0
       2
       0
       1
       2
       0
       0
       0
       0
       0
       1
       1
       1
       3
       2
       2
       4
       3
       3
       0
       1
       1
       1
       1
       1
       0
       1
       1
       0
       1
       0
       0
       0
       1
       2
       1
       0
       0
       0
       1
       1
       0
       0
       0
       0
       0
       0
       1
       1
       0
       0
       0
       0
       0
       0
       0
       0
       0
       1
       0
       1
       0
       1
       0
       0
       0
       0
       0
       1
       2
       0
       0
       1
       0
       1
       1
       0
       0
       1
       0
       0
       1
       1
       0
       2
       0
       0
       0
       1
       0
       0
       0
       3
       0
       1
       1
       0
       0
       0
       0
       0
       0
       0
       1
       1
       1
       0
       1
       0
       2
       0
       1
       1
       2
       2
       0
       0
       1
       0
       1
       0
       0
       0
       1
       2
       1
       0
       1
       1
       5
       2
      12
      12
      24
      35
      33
      19
      33
      22
      15
      11
      11
       9
       5
       3
       0
       2
       0
       0
       0
       1
       0
       1
       0
       1
       0
       0
       1
       0
       1
       0
       1
       0
       0
       0
       0
       0
       0
       0
       0
       0
       0
       0
       1
       0
       0
       0
       0
       0
       1
       0
       0
       0
       0
       0
       0
       0
       0
       0
       0
       0
       0
       0
       1
       0
       0
       0
       0
       0
       1
       1
       1
       2
       0
       0
       0
       0
       1
       1
       0
       0
       1
       1
       0
       0
       0
       1
       0
       0
       1
       1
       0
       0
       2
       0
       1
       0
       0
       0
       1
       0
       2
       0
       2
       0
       1
       0
       0
       0
       0
       2
       1
       0
       0
       0
       0
       0
       0
       0
       0
       0
       0
       0
       0
       0
       1
       1
       0
       0
       0
       0
       0
       0
       3
       0
       0
       1
       0
       0
       0
       0
       1
       0
       2
       0
       1
       1
       1
       0
       1
       0
       0
       0
       0
       0
       0
       1
       1
       0
       1
       0
       1
       1
       0
       0
       0
       0
       0
       0
       0
       0
       1
       0
       0
       0
       1
       1
       0
       0
       3
       0
       0
       0
       0
       1
       1
       0
       1
       0
       0
       0
       0
       1
       1
       1
       0
       1
       0
       1
       0
       0
       0
       2
       0
       0
       3
       1
       0
       0
       1
       0
       0
       0
       2
       1
       1
       0
       0
       1
       0
       0
       0
       0
       0
       2
       0
       0
       1
       1
       0
       0
       0
       0
       0
       1
       0
       0
       1
       1
       0
       1
       0
       0
       0
       0
       0
       0
       3
       0
       0
       1
       0
       2
       0
       0
       0
       0
       0
       1
       1
       0
       1
       0
       1
       0
       1
       2
       1
       0
       0
       0
       0
       0
       1
       0
       0
       1
       0
       0
       0
       0
       0
       0
       1
       0
       0
       2
       1
       1
       0
       0
       0
       1
       0
       0
       0
       0
       0
       1
       0
       0
       0
       0
       0
       0
       0
       0
       0
       0
       0
       1
       1
       0
       0
       0
       0
       0
       0
       0
       0
       0
       0
       0
       0
       1
       1
       0
       1
       0
       0
       0
       0
       0
       0
       0
       0
       0
       0
       0
       1
       1
       0
       0
       0
       0
       0
       0
       0
       0
       1
       0
       0
       0
       0
       0
       0
       0
       1
       0
       1
       0
       0
       0
       1
       0
       0
       0
       0
       0
       0
       1
       1
       0
       0
       0
       1
       0
       0
       1
       0
       0
       0
       2
       0
       0
       0
       1
       0
       0
       0
       0
       0
       0
       0
       0
       0
       0
       0
       0
       0
       0
       0
       0
       0
       0
       0
       0
       0
       0
       1
       0
       0
       0
       0
       0
       2
       0
       1
       0
       0
       0
       0
       0
       0
       0
       1
       0
       0
       0
       0
       0
       1
       0
       1
       0
       0
       0
       1
       0
       0
       0
       0
       0
       0
       2
       1
       0
       1
       0
       0
       0
       0
       0
       0
       0
       0
       0
       0
       0
       0
       0
       0
       0
       0
       0
       1
       1
       0
       0
       0
       1
       0
       0
       0
       0
       0
       0
       0
       0
       0
       1
       0
       0
       0
       0
       0
       0
       1
       0
       0
       0
       0
       0
       0
       0
       0
       0
       0
       0
       0
       0
       3
       1
       0
       0
       0
       1
       0
       1
       0
       0
       1
       0
       0
       0
       0
       0
       0
       1
       0
       0
       0
       0
       0
       0
       0
       0
       0
       0
       0
       1
       0
       0
       0
       0
       0
       1
       0
       0
       0
       0
       0
       0
       0
       0
       0
       0
       0
       0
       0
       0
       0
       0
       0
       0
       1
       1
       1
       1
       0
       0
       0
       0
       0
       1
       1
       1
       0
       0
       0
       2
       0
       1
       1
       0
       0
       0
       0
       0
       0
       0
       0
       0
       0
       0
       0
       1
       0
       1
       0
       0
       0
       1
       0
       0
       0
       2
       0
       0
       0
       0
       0
       0
       0
       0
       1
       0
       0
       0
       0
       0
       1
       1
       0
       0
       0
       1
       0
       0
       1
       0
       1
       0
       0
       0
       0
       0
       2
       0
       1
       0
       0
       0
       1
       0
       0
       0
       0
       0
       0
       0
       0
       0
       0
       0
       1
       1
       0
       0
       0
       0
       0
       0
       0
       0
       0
       0
       0
       0
       0
       0
       0
       0
       0
       0
       0
       0
       0
       1
       0
       0
       0
       0
       0
       0
       0
       0
       0
       0
       1
       0
       0
       0
       0
       0
       0
       0
       0
       0
       0
       0
       0
       0
       0
       0
       0
       1
       0
       0
       0
       1
       0
       0
       0
       0
       0
       0
       0
       0
       0
       0
       0
       0
       0
       0
       0
       0
       0
       0
       0
       0
       0
       2
       0
       0
       0
       0
$ROI:
0
$PRESETS:
Real Time
600
0
$ENER_FIT:
-0.062992 0.355624
$MCA_CAL:
3
-6.299250E-002 3.556245E-001 2.076740E-008 keV
$SHAPE_CAL:
3
2.404718E+000 1.018959E-003 -5.571540E-008
