$SPEC_ID:
No sample description was entered.
$SPEC_REM:
DET# 8
DETDESC# Detector #8 - 80% HPGe (Matchmaker MCB 1)
AP# Maestro Version 7.01
$DATE_MEA:
11/20/2025 10:15:19
$MEAS_TIM:
531 600
$DATA:
0 8191
       0
       0
       0
       0
       0
       0
       0
       0
       0
       0
       0
       0
       0
       0
       0
       0
       0
       0
       0
       0
       0
       0
       0
       0
       0
       0
       0
       0
       0
       0
       0
       0
       0
       0
       0
       0
       0
       0
       0
       0
       0
       0
       0
       0
       0
       2
       5
       7
      15
      18
      61
     465
     743
     801
     782
     786
     764
     700
     729
     729
     714
     787
     719
     708
     752
     708
     757
     724
     745
     696
     702
     698
     700
     697
     697
     693
     713
     711
     674
     685
     685
     662
     650
     702
     642
     684
     659
     663
     709
     722
     663
     665
     613
     630
     712
     662
     687
     658
     648
     609
     663
     592
     616
     669
     642
     661
     645
     635
     597
     624
     599
     634
     620
     626
     634
     636
     612
     580
     619
     587
     629
     614
     593
     610
     594
     617
     584
     584
     602
     613
     609
     576
     591
     551
     536
     613
     601
     625
     621
     600
     620
     636
     606
     580
     573
     578
     565
     563
     570
     562
     614
     550
     545
     588
     541
     587
     581
     558
     585
     588
     572
     564
     597
     603
     608
     584
     524
     534
     581
     593
     594
     572
     564
     557
     570
     528
     559
     583
     544
     595
     562
     521
     577
     555
     560
     582
     564
     584
     588
     559
     580
     568
     549
     549
     579
     579
     544
     576
     591
     621
     511
     586
     619
     593
     595
     595
     605
     601
     591
     615
     619
     652
     612
     571
     561
     595
     551
     604
     528
     537
     562
     546
     563
     593
     589
     563
     557
     602
     593
     573
     570
     618
     571
     612
     567
     596
     618
     570
     641
     675
     642
     618
     613
     623
     584
     628
     566
     572
     570
     625
     624
     603
     607
     602
     604
     600
     620
     638
     608
     632
     639
     620
     554
     606
     619
     653
     662
     603
     629
     624
     664
     634
     624
     635
     679
     635
     627
     604
     621
     637
     577
     687
     608
     647
     653
     667
     630
     669
     658
     652
     660
     690
     628
     653
     622
     645
     668
     642
     586
     623
     650
     650
     698
     626
     691
     649
     658
     644
     694
     634
     675
     684
     707
     691
     666
     679
     631
     656
     697
     667
     686
     674
     715
     713
     701
     653
     700
     693
     675
     705
     692
     735
     710
     668
     669
     690
     709
     643
     655
     687
     717
     710
     669
     673
     700
     736
     689
     720
     743
     719
     667
     688
     722
     705
     753
     692
     678
     714
     720
     748
     780
     771
     708
     682
     715
     716
     741
     759
     700
     690
     758
     782
     732
     753
     724
     755
     758
     747
     774
     818
     811
     837
     873
     821
     904
     912
    1038
    1242
    1890
    2366
    2418
    1791
    1206
     850
     711
     763
     709
     748
     748
     740
     687
     716
     740
     707
     800
     736
     741
     703
     715
     665
     738
     751
     726
     661
     726
     705
     763
     770
     727
     764
     722
     750
     711
     766
     744
     745
     731
     714
     680
     715
     728
     740
     761
     742
     739
     765
     765
     766
     781
     706
     725
     776
     720
     754
     757
     753
     785
     758
     782
     742
     834
     780
     821
     795
     758
     814
     788
     830
     866
     787
     840
     809
     804
     787
     865
     821
     852
     819
     815
     739
     804
     834
     838
     775
     787
     808
     781
     792
     793
     811
     802
     753
     799
     798
     759
     838
     805
     828
     776
     797
     810
     828
     791
     760
     754
     759
     750
     806
     815
     767
     860
     813
     791
     789
     823
     804
     741
     784
     795
     786
     771
     819
     770
     774
     757
     796
     742
     798
     726
     754
     769
     802
     812
     799
     738
     778
     814
     809
     787
     757
     819
     801
     749
     785
     722
     750
     773
     798
     759
     750
     770
     761
     746
     730
     713
     734
     767
     763
     775
     762
     723
     770
     744
     805
     803
     806
     771
     749
     757
     761
     795
     769
     745
     746
     793
     757
     779
     770
     797
     840
     760
     734
     794
     785
     808
     811
     813
     799
     825
     763
     783
     854
     772
     848
     798
     772
     824
     851
     805
     813
     843
     841
     876
     824
     822
     839
     835
     771
     890
     838
     830
     848
     907
     871
     875
     851
     903
     878
     817
     898
     918
     931
     875
     923
     886
     900
     877
     924
     885
     884
     877
     879
     877
     898
     912
     918
     916
     896
     860
     903
     939
     903
     891
     892
     890
     833
     824
     840
     897
     875
     903
     898
     884
     863
     845
     923
     843
     882
     876
     837
     874
     891
     875
     919
     907
     843
     870
     831
     859
     871
     857
     845
     906
     860
     823
     884
     884
     872
     849
     874
     893
     844
     826
     821
     873
     843
     873
     796
     827
     855
     860
     889
     806
     861
     829
     856
     848
     844
     844
     855
     840
     824
     833
     855
     830
     842
     871
     838
     866
     795
     818
     820
     796
     855
     783
     869
     815
     766
     802
     800
     804
     793
     842
     771
     788
     819
     796
     763
     801
     784
     804
     736
     775
     799
     751
     816
     748
     725
     782
     766
     750
     738
     755
     727
     726
     716
     725
     751
     771
     774
     746
     757
     691
     663
     711
     704
     683
     706
     697
     730
     665
     708
     670
     720
     632
     649
     735
     634
     683
     640
     690
     691
     695
     714
     692
     706
     733
     656
     642
     635
     698
     653
     613
     632
     601
     661
     702
     656
     701
     643
     624
     682
     661
     665
     702
     671
     674
     660
     612
     603
     670
     649
     626
     612
     619
     662
     611
     581
     645
     604
     616
     565
     610
     622
     610
     602
     652
     626
     592
     614
     618
     627
     606
     587
     579
     585
     576
     586
     612
     568
     569
     613
     603
     596
     602
     535
     588
     583
     583
     576
     565
     573
     600
     577
     625
     569
     533
     555
     570
     576
     570
     616
     599
     573
     558
     565
     569
     592
     590
     563
     566
     559
     551
     605
     623
     604
     620
     583
     557
     584
     561
     592
     561
     540
     548
     562
     571
     547
     540
     541
     476
     526
     553
     561
     501
     532
     592
     538
     505
     557
     533
     528
     541
     546
     499
     526
     569
     513
     577
     547
     553
     538
     525
     494
     546
     523
     503
     502
     549
     518
     517
     526
     515
     516
     530
     482
     511
     515
     500
     559
     528
     538
     534
     525
     521
     473
     494
     508
     546
     546
     495
     534
     531
     520
     524
     500
     544
     501
     538
     513
     489
     520
     524
     585
     493
     517
     536
     508
     554
     551
     552
     509
     547
     582
     636
     893
     920
     834
     740
     618
     548
     461
     488
     480
     469
     485
     458
     480
     521
     465
     432
     435
     522
     486
     476
     483
     529
     487
     474
     451
     517
     494
     502
     501
     480
     474
     476
     451
     538
     467
     488
     423
     478
     466
     490
     486
     480
     483
     515
     526
     515
     421
     469
     504
     518
     489
     556
     576
     706
     798
     909
     801
     690
     574
     550
     465
     438
     444
     484
     506
     483
     449
     451
     481
     458
     486
     460
     438
     480
     460
     409
     454
     430
     421
     495
     472
     486
     435
     475
     474
     457
     434
     462
     478
     476
     466
     456
     428
     466
     450
     446
     481
     472
     470
     463
     450
     460
     493
     456
     440
     472
     459
     481
     467
     444
     468
     443
     440
     429
     460
     453
     443
     433
     420
     510
     484
     459
     430
     410
     459
     466
     432
     448
     427
     440
     417
     434
     454
     475
     420
     416
     469
     432
     450
     480
     444
     442
     463
     419
     463
     462
     449
     450
     453
     434
     422
     437
     457
     444
     438
     461
     537
     449
     452
     421
     471
     444
     441
     446
     458
     404
     432
     445
     418
     404
     411
     429
     439
     454
     417
     423
     455
     424
     434
     421
     397
     441
     487
     417
     432
     418
     430
     420
     437
     489
     413
     437
     440
     450
     420
     403
     404
     416
     450
     431
     441
     414
     425
     463
     436
     422
     452
     461
     460
     501
     474
     560
     533
     594
     648
     706
     829
     884
    1066
    1115
    1285
    1429
    1527
    2059
    3010
    5319
    9902
   14806
   16558
   13136
    7909
    3542
    1416
     619
     447
     424
     408
     364
     390
     374
     383
     377
     372
     355
     358
     373
     392
     367
     410
     371
     371
     395
     385
     370
     367
     419
     366
     358
     366
     357
     382
     360
     369
     370
     355
     402
     389
     391
     358
     367
     340
     324
     354
     362
     345
     362
     362
     378
     361
     364
     366
     360
     366
     374
     345
     308
     343
     382
     362
     367
     344
     353
     369
     374
     334
     371
     353
     315
     357
     327
     325
     362
     358
     355
     318
     354
     371
     330
     343
     353
     378
     347
     326
     362
     378
     350
     354
     356
     345
     353
     361
     336
     363
     359
     341
     341
     314
     347
     340
     357
     360
     340
     300
     366
     351
     348
     339
     351
     350
     348
     357
     348
     341
     376
     322
     352
     343
     361
     345
     340
     378
     338
     374
     397
     359
     470
     499
     648
     687
     665
     526
     429
     397
     386
     384
     380
     323
     331
     343
     380
     356
     312
     353
     310
     358
     318
     323
     347
     322
     344
     368
     351
     348
     322
     361
     369
     322
     338
     349
     347
     333
     348
     326
     363
     333
     381
     337
     329
     306
     339
     353
     342
     361
     321
     326
     349
     357
     343
     349
     353
     373
     327
     358
     344
     368
     355
     344
     380
     368
     359
     381
     368
     353
     377
     376
     352
     369
     352
     327
     324
     368
     360
     319
     348
     322
     315
     360
     348
     349
     346
     353
     333
     392
     327
     337
     333
     321
     345
     352
     340
     350
     327
     350
     355
     351
     321
     306
     348
     321
     352
     344
     346
     360
     335
     397
     321
     335
     326
     353
     352
     324
     311
     340
     322
     334
     362
     346
     347
     368
     386
     367
     345
     361
     353
     364
     366
     384
     384
     473
     485
     498
     538
     567
     540
     530
     467
     442
     385
     394
     336
     345
     346
     303
     332
     358
     330
     358
     343
     348
     299
     354
     328
     337
     342
     348
     349
     325
     359
     318
     338
     312
     318
     346
     334
     336
     332
     324
     344
     333
     356
     349
     352
     347
     327
     371
     319
     343
     315
     334
     350
     326
     323
     318
     335
     360
     336
     352
     329
     356
     321
     334
     371
     335
     356
     348
     397
     342
     353
     329
     309
     319
     348
     364
     369
     296
     325
     315
     366
     309
     319
     320
     335
     313
     349
     294
     323
     339
     331
     340
     329
     335
     330
     328
     341
     317
     315
     331
     334
     326
     354
     339
     316
     353
     371
     312
     339
     303
     328
     329
     322
     319
     352
     356
     314
     334
     335
     317
     314
     349
     294
     311
     339
     332
     331
     338
     330
     342
     318
     323
     348
     320
     318
     360
     317
     343
     308
     338
     326
     317
     281
     336
     321
     329
     330
     344
     338
     321
     340
     297
     348
     321
     365
     330
     340
     354
     336
     347
     328
     345
     312
     344
     351
     359
     346
     320
     334
     361
     346
     345
     317
     322
     344
     357
     361
     312
     339
     335
     348
     307
     336
     348
     335
     327
     330
     334
     328
     313
     397
     328
     332
     346
     377
     350
     327
     342
     357
     357
     367
     389
     349
     302
     322
     332
     297
     370
     329
     333
     328
     327
     341
     334
     313
     341
     332
     351
     333
     347
     335
     340
     342
     341
     314
     341
     347
     320
     331
     335
     339
     375
     328
     317
     370
     341
     332
     342
     319
     350
     327
     326
     346
     356
     357
     335
     371
     330
     357
     314
     379
     353
     312
     320
     352
     345
     359
     321
     347
     351
     330
     323
     324
     330
     325
     339
     346
     312
     311
     354
     316
     345
     363
     342
     372
     347
     341
     369
     349
     380
     347
     324
     359
     320
     355
     329
     362
     348
     341
     346
     321
     347
     362
     356
     373
     367
     329
     366
     340
     368
     346
     344
     372
     341
     357
     349
     338
     366
     357
     354
     373
     356
     342
     365
     337
     312
     349
     369
     361
     349
     352
     348
     342
     345
     352
     316
     322
     310
     319
     346
     317
     332
     330
     332
     353
     311
     312
     300
     345
     314
     298
     330
     355
     350
     306
     294
     351
     311
     332
     309
     320
     364
     309
     299
     348
     317
     345
     342
     318
     294
     337
     317
     321
     328
     346
     325
     326
     336
     297
     323
     328
     333
     321
     312
     326
     329
     309
     329
     307
     315
     305
     327
     314
     316
     351
     305
     337
     321
     324
     298
     310
     340
     329
     304
     323
     318
     331
     340
     352
     306
     326
     335
     344
     340
     329
     297
     313
     330
     327
     349
     342
     355
     378
     352
     330
     312
     328
     334
     327
     306
     352
     306
     317
     312
     326
     310
     320
     310
     319
     292
     311
     313
     337
     332
     316
     329
     279
     277
     328
     335
     322
     307
     308
     323
     329
     334
     296
     269
     324
     325
     332
     307
     324
     313
     314
     314
     313
     329
     333
     297
     297
     312
     329
     323
     342
     318
     304
     326
     337
     321
     315
     312
     320
     309
     310
     303
     318
     350
     306
     308
     328
     328
     319
     321
     309
     315
     295
     332
     342
     302
     301
     297
     325
     314
     317
     332
     294
     331
     321
     297
     325
     324
     341
     333
     370
     404
     391
     362
     342
     313
     318
     314
     309
     338
     321
     321
     324
     317
     320
     353
     331
     335
     317
     329
     308
     322
     300
     326
     298
     327
     293
     317
     298
     329
     317
     307
     325
     314
     326
     298
     288
     313
     309
     310
     315
     294
     305
     298
     288
     331
     325
     339
     371
     356
     371
     347
     315
     324
     312
     288
     308
     313
     309
     299
     291
     338
     343
     301
     285
     310
     311
     320
     295
     327
     312
     315
     320
     329
     321
     308
     299
     313
     312
     292
     295
     331
     328
     334
     322
     316
     330
     324
     307
     317
     299
     297
     357
     273
     350
     318
     260
     321
     333
     329
     299
     311
     345
     307
     315
     319
     337
     309
     325
     315
     305
     329
     299
     343
     294
     315
     326
     321
     319
     318
     325
     343
     342
     321
     342
     302
     319
     322
     321
     319
     366
     337
     306
     325
     324
     328
     325
     313
     323
     332
     316
     327
     283
     338
     338
     325
     314
     329
     324
     371
     313
     309
     337
     346
     300
     344
     289
     310
     338
     290
     307
     348
     341
     300
     324
     301
     319
     330
     319
     335
     324
     295
     318
     320
     311
     284
     349
     322
     284
     315
     293
     346
     318
     352
     329
     282
     310
     324
     310
     308
     328
     311
     338
     333
     358
     324
     308
     324
     293
     322
     352
     362
     312
     335
     329
     343
     339
     353
     334
     322
     344
     327
     305
     291
     326
     307
     353
     338
     282
     334
     294
     305
     322
     325
     307
     332
     303
     325
     322
     353
     323
     342
     345
     369
     345
     373
     330
     322
     332
     303
     331
     355
     325
     318
     339
     338
     364
     314
     324
     363
     332
     358
     337
     354
     363
     349
     429
     416
     419
     375
     388
     392
     370
     349
     333
     388
     381
     384
     376
     371
     344
     357
     341
     337
     343
     328
     372
     358
     345
     331
     350
     346
     349
     347
     322
     310
     335
     326
     338
     334
     356
     310
     355
     333
     296
     334
     376
     364
     335
     355
     339
     319
     335
     355
     374
     336
     351
     332
     327
     333
     348
     329
     347
     351
     317
     353
     315
     329
     305
     352
     350
     318
     330
     348
     365
     356
     315
     344
     310
     351
     341
     342
     388
     333
     356
     328
     399
     348
     348
     375
     331
     375
     372
     370
     357
     376
     348
     354
     355
     340
     386
     369
     408
     383
     476
     494
     510
     537
     598
     639
     688
     802
    1129
    1678
    2593
    3636
    4467
    4356
    3466
    2243
    1304
     758
     505
     357
     383
     376
     390
     402
     381
     413
     381
     369
     365
     376
     330
     374
     330
     360
     370
     358
     365
     346
     390
     383
     385
     393
     358
     363
     372
     392
     362
     390
     359
     378
     373
     368
     338
     412
     340
     358
     379
     330
     371
     379
     364
     385
     369
     334
     379
     377
     371
     378
     381
     371
     362
     361
     370
     382
     394
     385
     371
     369
     412
     402
     399
     387
     387
     398
     356
     406
     366
     397
     409
     391
     375
     396
     418
     371
     352
     350
     383
     367
     375
     348
     402
     403
     375
     413
     416
     376
     400
     385
     370
     408
     381
     387
     408
     369
     394
     388
     410
     415
     406
     395
     392
     401
     376
     384
     379
     407
     391
     396
     429
     384
     391
     404
     434
     380
     389
     432
     433
     389
     392
     401
     442
     411
     406
     407
     416
     427
     408
     414
     392
     407
     418
     407
     396
     414
     422
     394
     407
     420
     427
     416
     414
     413
     434
     415
     404
     446
     420
     362
     393
     427
     384
     399
     421
     418
     394
     403
     449
     424
     452
     390
     429
     394
     443
     426
     484
     404
     427
     398
     430
     403
     447
     442
     420
     424
     435
     423
     425
     438
     404
     432
     394
     401
     392
     406
     419
     407
     419
     438
     404
     429
     406
     393
     363
     384
     383
     362
     390
     388
     381
     359
     393
     363
     355
     370
     331
     343
     380
     362
     388
     361
     357
     387
     336
     370
     346
     351
     362
     349
     341
     341
     333
     348
     338
     354
     318
     346
     329
     338
     316
     343
     336
     350
     346
     331
     368
     365
     310
     332
     324
     328
     339
     358
     340
     335
     369
     290
     327
     324
     328
     307
     279
     340
     308
     318
     326
     345
     337
     295
     340
     319
     299
     334
     322
     312
     290
     347
     322
     355
     338
     304
     345
     366
     313
     352
     320
     339
     352
     321
     303
     306
     319
     320
     319
     320
     307
     322
     354
     319
     298
     335
     315
     350
     347
     331
     309
     307
     360
     344
     329
     326
     339
     327
     309
     314
     313
     323
     313
     306
     345
     380
     335
     304
     359
     331
     312
     332
     328
     283
     299
     306
     326
     287
     301
     298
     346
     312
     310
     356
     297
     320
     337
     346
     284
     320
     322
     338
     318
     340
     343
     291
     314
     291
     343
     330
     337
     306
     339
     303
     283
     322
     304
     308
     278
     299
     314
     327
     322
     311
     331
     324
     301
     311
     307
     302
     299
     297
     296
     301
     329
     313
     310
     328
     279
     278
     309
     300
     304
     326
     292
     322
     289
     284
     330
     314
     337
     293
     291
     275
     309
     310
     317
     291
     284
     305
     333
     314
     299
     304
     294
     314
     311
     287
     282
     323
     317
     290
     324
     299
     302
     303
     316
     321
     324
     315
     301
     287
     310
     298
     322
     299
     343
     315
     366
     392
     432
     450
     444
     379
     366
     327
     308
     294
     284
     282
     305
     278
     301
     315
     303
     278
     317
     317
     299
     316
     313
     320
     304
     317
     296
     317
     285
     309
     305
     284
     287
     318
     279
     297
     308
     287
     288
     295
     259
     312
     276
     307
     277
     316
     290
     326
     301
     311
     308
     294
     310
     279
     301
     283
     299
     292
     281
     312
     294
     289
     303
     287
     306
     279
     308
     302
     328
     316
     324
     345
     333
     346
     300
     307
     301
     328
     294
     296
     300
     302
     298
     302
     302
     295
     299
     302
     304
     311
     285
     309
     309
     296
     275
     316
     287
     295
     300
     307
     291
     316
     297
     297
     301
     282
     295
     302
     304
     256
     303
     349
     322
     268
     315
     296
     293
     321
     302
     293
     332
     309
     318
     310
     305
     311
     329
     268
     311
     302
     288
     276
     304
     332
     316
     319
     338
     316
     316
     315
     340
     310
     322
     307
     346
     301
     330
     328
     300
     347
     290
     296
     288
     299
     310
     297
     338
     319
     319
     326
     319
     323
     326
     353
     304
     345
     317
     324
     332
     291
     307
     334
     333
     345
     311
     340
     321
     312
     327
     337
     353
     307
     320
     320
     329
     344
     338
     330
     328
     299
     334
     327
     352
     333
     323
     345
     299
     353
     327
     309
     319
     347
     349
     307
     331
     339
     347
     336
     329
     322
     322
     342
     376
     343
     368
     348
     344
     378
     323
     342
     364
     338
     384
     362
     366
     333
     400
     357
     355
     337
     337
     326
     355
     339
     343
     325
     342
     356
     350
     362
     330
     351
     335
     354
     373
     368
     351
     335
     335
     368
     349
     373
     340
     384
     371
     355
     357
     336
     382
     372
     400
     383
     378
     327
     368
     371
     359
     353
     380
     360
     363
     357
     371
     391
     341
     350
     375
     365
     338
     348
     437
     355
     362
     367
     382
     360
     367
     363
     325
     345
     355
     366
     367
     358
     345
     358
     352
     341
     351
     357
     343
     343
     324
     326
     318
     319
     315
     309
     322
     284
     325
     297
     293
     282
     291
     282
     291
     287
     288
     295
     288
     271
     278
     277
     276
     291
     281
     296
     295
     300
     275
     335
     323
     307
     347
     371
     396
     360
     375
     467
     538
     646
     779
     905
    1031
    1277
    1556
    1881
    2551
    3837
    6277
    9572
   13508
   16193
   16565
   13633
    9567
    5655
    2832
    1298
     643
     386
     276
     288
     288
     258
     273
     274
     247
     282
     250
     265
     272
     247
     248
     262
     229
     220
     264
     230
     261
     241
     228
     241
     234
     236
     263
     229
     239
     232
     230
     237
     223
     234
     215
     227
     219
     218
     233
     213
     253
     207
     224
     223
     218
     230
     225
     224
     218
     194
     242
     208
     238
     214
     207
     215
     239
     240
     228
     211
     215
     215
     201
     214
     220
     229
     226
     213
     217
     211
     228
     218
     200
     219
     216
     192
     198
     233
     210
     204
     222
     194
     203
     209
     220
     231
     209
     200
     200
     176
     177
     182
     217
     216
     202
     212
     212
     205
     181
     196
     196
     178
     189
     208
     215
     211
     185
     188
     179
     170
     182
     168
     223
     175
     240
     202
     196
     197
     180
     174
     207
     173
     178
     157
     167
     196
     183
     177
     173
     168
     179
     191
     178
     171
     179
     153
     187
     174
     160
     191
     160
     176
     178
     166
     181
     182
     173
     149
     188
     162
     157
     175
     173
     150
     163
     168
     151
     151
     175
     151
     144
     157
     153
     152
     159
     163
     159
     172
     182
     158
     154
     160
     152
     171
     191
     160
     161
     144
     149
     152
     172
     151
     163
     152
     168
     158
     169
     137
     161
     156
     155
     141
     143
     145
     160
     143
     132
     131
     148
     127
     155
     134
     150
     153
     164
     158
     142
     159
     146
     127
     139
     142
     124
     139
     141
     154
     130
     133
     130
     160
     131
     135
     128
     119
     136
     115
     136
     128
     149
     132
     139
     118
     140
     147
     133
     130
     131
     145
     138
     128
     112
     151
     122
     148
     140
     120
     140
     124
     128
     104
     110
     116
      99
     105
     120
     121
     113
     131
     111
     121
     127
     118
     122
     111
     134
     123
     151
     111
     136
     139
     108
     119
     128
     123
     145
     151
     142
     136
     122
     116
     123
     114
     115
     100
     114
     110
     112
     105
     116
     120
      97
     118
     129
     116
     124
     122
     122
     120
     102
     111
     119
     122
     113
      99
     108
     112
     112
     114
     112
     111
     114
     123
     110
     117
     108
     104
     112
     128
      92
     116
     127
     100
     108
     125
     136
     117
     124
     138
     138
     112
     111
     103
      97
     110
     111
     119
     109
     124
      98
     109
     101
     114
     116
     111
      99
     113
     108
     119
      84
     115
      90
      94
     113
     122
     109
     100
     118
     113
     109
     108
     105
     116
     101
      98
     105
     106
     114
     121
     124
     103
     108
     121
     111
     115
     123
     115
     106
     133
     145
     172
     175
     218
     212
     187
     175
     157
     114
     122
     100
     114
     107
     105
     122
     117
     106
      96
     124
     116
     123
      92
     124
      89
     100
     122
      91
     107
      97
     109
     106
     100
      86
     112
      93
      98
     106
     109
     112
     114
     103
     110
     110
      97
     133
     117
     121
     115
     106
      85
     123
     121
      94
      86
     114
     108
     112
     103
     110
     103
     101
      96
      99
      81
     108
     109
      91
     121
      94
      87
     101
     102
      97
     105
     112
     107
      97
     101
     108
     102
     103
     128
     117
     111
     111
      92
     102
      90
      90
      96
     105
      92
     127
      95
      95
      90
     104
      94
     115
      95
     107
     120
      93
     109
      91
     116
     105
     105
     100
     109
      97
     111
     107
     104
      84
      85
      94
     118
     110
     111
     123
     102
      90
     108
     114
     122
     100
     113
     110
     112
      97
     109
     102
     113
     122
      90
      96
     117
     124
     106
     105
     116
     120
     139
     125
     136
     146
     141
     204
     151
     176
     221
     310
     372
     485
     657
     817
     998
    1196
    1490
    1914
    2556
    3807
    5899
    9219
   13171
   17469
   20157
   19547
   15918
   11468
    6721
    3433
    1610
     656
     328
     195
     158
     161
     133
     159
     119
     123
     129
     109
     121
     132
     102
     117
     120
     117
     117
      95
      95
      87
      92
     103
      94
     107
     107
     106
     110
      93
      96
      73
      84
     111
     114
     100
      88
      92
      81
     106
      90
      83
      86
      92
      88
      90
      78
      88
      87
      91
      87
      78
      82
      83
      77
      99
      91
     101
      83
      75
      95
      81
     101
      90
      80
      95
      78
      82
      72
      75
      90
      86
      72
      82
      65
      87
     100
      88
      79
      85
      82
      89
      88
      78
     100
      78
      96
      76
      77
      76
      75
      77
      72
      72
      83
      81
      74
      83
      84
      84
      80
      70
      80
      79
      78
      92
      76
      77
      85
      92
      79
      65
      76
      74
      75
      76
      80
      75
      79
      79
      79
      70
      84
      80
      75
      95
      91
      84
      76
      53
      80
      87
      80
      77
      78
      64
      84
      72
      80
      74
      74
      97
      74
      68
      76
      77
      65
      77
      68
      82
      66
      74
      72
      82
      88
      60
      82
      80
      71
      65
      68
      57
      60
      63
      65
      75
      80
      72
      70
      66
      72
      69
      57
      78
      65
      71
      72
      74
      79
      64
      71
      56
      54
      68
      78
      66
      68
      62
      65
      68
      61
      67
      64
      60
      56
      73
      79
      63
      72
      64
      62
      60
      56
      65
      67
      59
      64
      67
      73
      75
      80
      65
      82
      52
      80
      68
      73
      55
      55
      62
      61
      62
      76
      58
      48
      74
      62
      75
      70
      65
      60
      68
      59
      64
      62
      75
      66
      70
      70
      67
      78
      56
      70
      69
      54
      62
      60
      74
      51
      61
      77
      78
      57
      59
      69
      35
      67
      60
      59
      74
      64
      59
      63
      62
      47
      79
      53
      53
      55
      71
      61
      63
      68
      67
      75
      68
      62
      51
      56
      67
      44
      59
      65
      70
      63
      63
      51
      62
      63
      67
      73
      77
      52
      64
      71
      60
      61
      56
      56
      69
      49
      71
      56
      57
      54
      56
      65
      78
      59
      65
      61
      60
      62
      70
      52
      70
      60
      72
      62
      62
      57
      56
      42
      69
      73
      66
      57
      57
      71
      47
      58
      59
      52
      54
      44
      53
      60
      50
      55
      71
      54
      55
      58
      55
      63
      67
      46
      73
      63
      67
      51
      58
      46
      64
      67
      62
      48
      61
      48
      62
      61
      65
      71
      64
      57
      61
      71
      64
      62
      58
      61
      70
      58
      53
      55
      49
      64
      43
      67
      75
      53
      94
      77
      77
      64
      71
      75
      63
      60
      67
      56
      62
      59
      56
      46
      61
      58
      62
      52
      60
      68
      53
      60
      49
      43
      59
      40
      50
      46
      65
      53
      57
      60
      69
      52
      54
      37
      54
      53
      55
      64
      61
      58
      62
      49
      51
      53
      62
      59
      58
      47
      58
      58
      56
      51
      62
      50
      55
      51
      67
      69
      35
      44
      57
      58
      61
      62
      48
      65
      56
      63
      53
      67
      54
      54
      70
      61
      56
      62
      69
      54
      69
      47
      56
      71
      53
      60
      66
      51
      57
      49
      60
      58
      59
      58
      52
      68
      53
      56
      41
      68
      57
      56
      59
      47
      48
      66
      59
      62
      44
      64
      56
      65
      42
      67
      48
      72
      52
      59
      63
      58
      49
      45
      60
      52
      46
      75
      52
      43
      58
      77
      58
      51
      65
      48
      65
      56
      59
      46
      56
      49
      59
      57
      54
      61
      60
      53
      48
      52
      44
      56
      52
      59
      53
      65
      44
      43
      52
      50
      55
      49
      44
      49
      56
      47
      63
      48
      54
      56
      50
      48
      61
      52
      58
      53
      55
      74
      58
      60
      42
      55
      56
      57
      58
      47
      52
      69
      58
      54
      55
      52
      56
      56
      65
      58
      59
      50
      47
      66
      63
      67
      86
      95
     103
     113
     148
     147
     204
     243
     287
     392
     614
     789
    1253
    1590
    2072
    2116
    1954
    1642
    1113
     659
     356
     204
     110
      86
      65
      66
      52
      57
      82
      62
      56
      66
      59
      50
      73
      70
      50
      57
      51
      56
      73
      45
      64
      62
      58
      61
      57
      51
      38
      53
      52
      58
      54
      46
      56
      52
      71
      56
      29
      52
      48
      67
      46
      50
      58
      56
      51
      54
      59
      51
      50
      42
      58
      60
      39
      36
      57
      49
      52
      45
      58
      45
      50
      57
      60
      46
      49
      53
      42
      47
      42
      39
      40
      48
      39
      56
      52
      74
      43
      50
      49
      53
      50
      56
      58
      59
      42
      49
      43
      52
      45
      40
      41
      35
      55
      46
      57
      53
      59
      49
      53
      36
      34
      73
      57
      56
      53
      44
      54
      48
      35
      60
      54
      49
      52
      52
      54
      45
      44
      36
      59
      51
      48
      49
      43
      50
      52
      49
      36
      44
      42
      48
      53
      50
      50
      48
      56
      60
      50
      45
      45
      50
      59
      48
      46
      45
      52
      45
      40
      47
      39
      54
      47
      56
      58
      59
      49
      49
      39
      42
      44
      62
      55
      50
      56
      52
      42
      35
      55
      58
      49
      40
      49
      63
      51
      47
      55
      45
      49
      39
      40
      55
      38
      38
      41
      51
      39
      48
      32
      48
      52
      43
      41
      57
      44
      39
      45
      45
      41
      56
      55
      49
      50
      34
      55
      47
      43
      38
      48
      54
      51
      42
      45
      39
      34
      49
      43
      45
      52
      45
      40
      51
      39
      43
      43
      42
      35
      55
      47
      32
      49
      36
      44
      44
      40
      59
      47
      36
      51
      52
      38
      57
      41
      49
      45
      52
      48
      46
      57
      51
      60
      61
      78
      79
     100
     108
     125
     142
     126
     133
     139
     107
      87
      76
      84
      57
      74
      63
      49
      40
      48
      43
      54
      46
      47
      50
      32
      42
      50
      50
      27
      36
      41
      45
      39
      51
      51
      57
      47
      37
      39
      39
      44
      44
      35
      41
      34
      40
      55
      41
      43
      48
      46
      45
      38
      43
      42
      45
      43
      45
      44
      44
      42
      53
      42
      34
      44
      35
      49
      34
      42
      41
      35
      50
      40
      45
      53
      40
      53
      45
      41
      41
      42
      52
      41
      40
      32
      46
      32
      51
      38
      40
      42
      38
      31
      39
      41
      50
      39
      39
      45
      49
      36
      49
      47
      38
      41
      46
      37
      35
      55
      34
      44
      44
      37
      43
      36
      47
      36
      40
      39
      34
      53
      48
      42
      34
      39
      41
      32
      38
      38
      32
      50
      55
      41
      43
      51
      41
      39
      39
      43
      49
      30
      30
      45
      48
      39
      44
      39
      49
      49
      44
      38
      50
      44
      43
      32
      41
      46
      39
      36
      48
      36
      35
      45
      42
      45
      42
      47
      26
      44
      41
      43
      41
      44
      48
      26
      42
      37
      44
      58
      31
      58
      42
      51
      42
      37
      40
      37
      40
      34
      38
      30
      41
      39
      49
      48
      46
      44
      34
      39
      43
      43
      47
      59
      39
      43
      44
      45
      53
      40
      37
      35
      42
      49
      32
      37
      29
      40
      47
      39
      47
      47
      45
      44
      33
      49
      37
      41
      40
      39
      47
      55
      40
      43
      38
      28
      42
      34
      49
      44
      29
      42
      40
      52
      50
      35
      49
      47
      53
      34
      37
      42
      57
      34
      35
      38
      43
      39
      58
      50
      35
      46
      45
      26
      46
      48
      36
      42
      58
      44
      32
      41
      38
      34
      54
      52
      37
      34
      39
      37
      40
      41
      37
      37
      50
      37
      42
      41
      48
      44
      49
      49
      39
      40
      43
      37
      42
      33
      35
      52
      50
      49
      57
      51
      45
      58
      46
      54
      46
      67
      77
      83
      92
     103
     118
     131
      78
      69
      69
      55
      39
      27
      56
      54
      37
      32
      46
      43
      52
      46
      35
      56
      44
      39
      40
      48
      37
      33
      32
      39
      37
      35
      32
      36
      41
      43
      43
      41
      37
      46
      38
      48
      47
      38
      43
      41
      43
      39
      38
      44
      55
      38
      36
      37
      36
      25
      51
      50
      35
      34
      30
      43
      36
      35
      39
      53
      52
      46
      34
      42
      40
      52
      42
      47
      49
      43
      43
      42
      52
      32
      45
      35
      49
      41
      41
      36
      46
      52
      26
      41
      37
      37
      44
      47
      46
      35
      30
      45
      38
      46
      50
      45
      34
      45
      48
      46
      45
      43
      48
      44
      56
      70
      68
      56
      62
     110
     116
     137
     185
     258
     348
     412
     471
     450
     402
     297
     221
     140
      92
      61
      51
      61
      47
      52
      35
      52
      39
      41
      37
      41
      46
      40
      35
      44
      46
      36
      27
      37
      32
      50
      43
      40
      42
      45
      42
      40
      43
      34
      45
      39
      42
      37
      49
      53
      37
      36
      42
      50
      43
      37
      42
      46
      39
      59
      35
      43
      41
      53
      34
      45
      47
      37
      35
      29
      37
      36
      41
      47
      41
      36
      46
      40
      43
      36
      43
      59
      50
      41
      38
      45
      47
      51
      40
      47
      56
      54
      29
      38
      42
      42
      39
      42
      51
      39
      45
      28
      40
      35
      51
      48
      38
      32
      50
      44
      55
      45
      54
      47
      39
      51
      39
      48
      40
      45
      42
      49
      52
      40
      57
      44
      38
      45
      40
      45
      40
      48
      44
      52
      52
      41
      45
      44
      48
      50
      44
      50
      61
      59
      44
      52
      46
      48
      37
      56
      42
      57
      39
      59
      49
      47
      45
      47
      38
      41
      38
      61
      42
      48
      35
      34
      42
      51
      46
      44
      44
      37
      53
      48
      49
      61
      42
      57
      41
      44
      38
      51
      33
      48
      52
      45
      47
      52
      42
      44
      43
      51
      38
      48
      50
      44
      30
      50
      50
      44
      46
      40
      44
      43
      47
      41
      46
      38
      48
      36
      35
      53
      37
      51
      45
      57
      53
      47
      39
      42
      52
      36
      55
      48
      41
      43
      41
      52
      50
      50
      47
      39
      52
      56
      48
      48
      46
      50
      43
      39
      52
      52
      52
      54
      43
      48
      64
      55
      50
      39
      44
      63
      35
      41
      60
      48
      54
      33
      65
      48
      55
      42
      64
      40
      38
      42
      53
      37
      49
      52
      51
      51
      59
      58
      59
      50
      47
      45
      56
      42
      43
      62
      54
      45
      48
      53
      37
      39
      56
      61
      49
      53
      53
      48
      61
      47
      50
      45
      58
      54
      56
      48
      52
      54
      47
      45
      41
      63
      57
      46
      39
      45
      53
      49
      59
      56
      42
      66
      39
      57
      56
      56
      53
      49
      49
      52
      37
      55
      55
      47
      52
      48
      52
      47
      51
      49
      47
      58
      47
      48
      63
      61
      55
      51
      42
      46
      55
      59
      58
      61
      60
      63
      44
      62
      47
      56
      43
      59
      43
      48
      54
      56
      47
      59
      56
      50
      53
      51
      48
      50
      71
      51
      36
      50
      51
      44
      48
      52
      52
      43
      51
      36
      36
      35
      51
      56
      48
      42
      35
      51
      39
      63
      47
      53
      53
      38
      33
      35
      50
      32
      41
      48
      38
      32
      32
      32
      36
      41
      43
      40
      42
      38
      38
      40
      37
      35
      37
      36
      40
      47
      28
      40
      28
      48
      29
      44
      38
      38
      38
      49
      47
      31
      46
      33
      27
      42
      35
      42
      34
      31
      49
      41
      40
      38
      43
      33
      43
      48
      27
      40
      41
      43
      41
      37
      43
      35
      42
      31
      39
      41
      41
      37
      36
      38
      34
      42
      34
      38
      45
      41
      34
      42
      40
      25
      35
      37
      33
      46
      31
      42
      39
      34
      41
      33
      42
      43
      34
      41
      40
      32
      27
      41
      33
      36
      35
      23
      36
      37
      32
      31
      31
      29
      28
      23
      29
      27
      33
      34
      33
      34
      34
      43
      32
      37
      43
      35
      40
      45
      34
      40
      36
      34
      34
      42
      37
      48
      45
      37
      25
      32
      29
      47
      28
      37
      44
      35
      47
      37
      38
      32
      29
      42
      29
      37
      37
      39
      30
      40
      34
      29
      34
      37
      24
      44
      32
      32
      26
      26
      30
      29
      37
      31
      36
      29
      25
      38
      25
      48
      22
      38
      25
      35
      30
      36
      30
      27
      32
      25
      35
      35
      30
      36
      33
      30
      38
      27
      33
      38
      33
      36
      38
      27
      27
      38
      25
      30
      32
      29
      27
      20
      25
      30
      25
      30
      34
      23
      38
      25
      23
      24
      32
      22
      31
      24
      31
      33
      24
      29
      22
      32
      20
      37
      29
      25
      26
      31
      43
      38
      28
      31
      26
      28
      26
      20
      26
      31
      29
      34
      36
      37
      23
      25
      41
      27
      31
      33
      33
      28
      22
      20
      28
      31
      24
      32
      27
      26
      33
      31
      28
      25
      31
      30
      26
      18
      26
      26
      24
      17
      23
      19
      20
      27
      28
      32
      26
      23
      21
      22
      22
      27
      24
      16
      16
      30
      19
      21
      20
      15
      31
      25
      22
      25
      26
      22
      27
      13
      24
      25
      19
      28
      18
      27
      27
      28
      26
      13
      30
      15
      32
      20
      31
      27
      29
      24
      18
      29
      19
      20
      31
      17
      24
      20
      24
      17
      29
      21
      20
      15
      26
      16
      17
      24
      22
      13
      23
      16
      17
      18
      17
      21
      15
      22
      23
      30
      25
      20
      11
      24
      18
      18
      18
      17
      22
      24
      19
      18
      15
      19
      24
      33
      13
      25
      15
      20
      24
      17
      17
      16
      15
      13
      21
      16
      13
      18
      18
      21
      19
      23
      14
      20
      17
      10
      19
      21
      20
      20
      25
      16
      18
      16
      12
      14
      29
      22
      22
      22
      18
      15
      14
      24
      18
      24
      20
      21
      24
      17
      20
      16
      31
      15
      21
       8
      21
      23
      17
      10
      22
      24
      20
      20
      10
      23
      16
      28
      25
      21
      16
      18
      26
      13
      14
      16
      13
      16
      17
      26
      21
      24
      20
      14
      25
      16
      28
      16
      17
      21
      16
      19
      32
      25
      15
      18
      10
      15
      21
      21
      14
      15
      14
      19
      18
      21
      18
      20
      23
      14
      19
      12
      15
      15
      23
      19
      17
      15
      21
      10
      33
      22
      24
      17
      20
      18
      15
      15
      25
      14
      16
      17
      14
      18
      25
      15
      18
      22
       9
      12
       9
      12
      16
      11
      18
      11
      17
      21
      11
      22
      18
      16
      13
      14
      14
      18
      18
      19
      16
       8
      16
       9
      19
      17
      14
      14
      15
      25
      10
      18
      16
      10
      15
      12
      16
      23
       9
      14
      17
      19
      18
      20
      16
      18
      20
      14
      17
      10
      20
      15
      15
      16
      14
       6
      21
      13
      17
      23
      14
      14
      13
      12
      14
      18
      19
      16
      15
      14
      16
      12
      17
      16
       9
      14
      19
      10
      12
      16
      15
      21
      12
      20
      20
      23
      24
      16
      19
      17
      17
      16
      22
      21
      28
      14
      22
      18
      17
      20
      19
      22
      16
      21
      24
      25
      25
      30
      44
      35
      51
      60
      73
      97
     101
     124
     180
     253
     299
     427
     616
     907
    1267
    1647
    1934
    2270
    2166
    2135
    1684
    1261
     835
     454
     261
     138
      82
      43
      27
      23
      20
      27
      25
      25
      26
      23
      27
      20
      23
      28
      19
      19
      18
      18
      18
      28
      26
      20
      22
      21
      10
      21
      22
       9
      21
      23
      12
      25
      15
      21
      13
      18
      21
      15
       9
      22
      11
      20
      28
      12
      15
      17
      13
      14
      18
      17
      14
      17
      16
      13
      25
      21
      11
      15
       9
      20
      16
      13
      18
      19
      13
      21
      15
       8
      21
      19
       8
      16
      13
      15
      16
      22
      17
      16
      16
      22
      21
      13
      22
      15
      15
      21
      23
      13
      17
      19
      17
      15
      14
      16
      19
      12
      11
      16
      14
      15
      21
      19
      14
      13
      15
      19
      17
      18
      22
      16
      16
      23
      23
      20
      27
      15
      17
      15
      15
      17
      17
      12
      25
      19
      21
      14
      10
      12
      15
      20
      14
      14
      16
      20
      16
      18
      11
      17
      16
      12
      14
      19
      13
      15
      20
      11
      23
      15
      19
      24
      18
      15
      10
      12
      23
      13
      17
      20
      14
      21
      15
      16
      17
      21
      10
      13
      19
      16
      13
      14
      21
      18
      15
      18
      21
      17
      13
      24
      10
       9
      20
      16
      12
      24
      14
      17
      19
      13
      22
      16
      10
      18
      13
      13
      10
      17
      10
      16
      16
      13
      15
      12
      10
      10
      10
      14
      11
       6
       7
      13
      10
      12
      17
      10
      15
      12
      15
      11
      11
      18
      22
      18
      19
       8
      13
       6
       8
      12
      11
      10
       9
      17
      12
      14
      10
       9
      11
      12
      10
      12
       9
      15
      14
      14
       5
      14
      13
       8
       9
      10
      15
      12
      15
      12
       5
      11
      12
       7
      11
      11
      10
      12
       8
      21
      11
       9
      14
      18
       9
      13
       8
      15
      11
      15
      12
      20
       6
      13
      17
      14
       7
       7
       9
      15
      13
       4
      16
      13
      16
      11
      11
      17
      11
       6
      12
       9
      12
      16
      13
      12
       7
      19
      13
       8
      13
      14
      15
      18
      14
      15
      19
      20
      16
      22
       8
      11
      10
      10
      11
       7
      10
      11
       9
      11
       9
       7
      13
      11
      10
      11
      11
      15
      10
       8
      14
       7
      12
      14
       9
      14
      11
      11
      14
       6
      16
      10
      17
       7
       7
       9
      12
      14
      11
       7
       7
      10
       8
       9
       9
      13
      12
      12
      18
      17
       7
       9
      11
      10
       5
       8
       9
      12
      11
      11
      11
      11
      12
       4
      12
       8
       9
      10
       9
      13
      12
       8
       9
      16
       5
      14
       5
      11
      12
       8
       8
      18
       9
      10
      13
      12
      16
      12
       9
      14
       9
      13
      13
       7
       9
      10
       9
       4
       8
      11
       6
      11
       6
      12
      15
       9
      11
      11
      11
      13
      15
       8
      10
      13
      10
       8
       2
       9
       6
      11
      15
      14
       8
       4
      12
       4
       3
       8
       5
       9
       6
      13
      17
      10
      13
      13
      13
       8
       8
       9
       9
       7
       7
       9
       9
       4
       9
      13
      12
       7
      15
      13
       6
      13
      15
      13
       8
       6
       9
       8
      11
       5
      17
      11
      10
       6
       8
      10
      13
       6
       6
       9
      14
      10
      10
      10
       6
       9
       9
      11
       9
      13
      11
      13
      12
       4
       6
      11
       7
       7
      10
       5
       8
      14
       9
      13
      10
       9
       4
      13
       7
       8
       8
       7
       7
      11
      15
       9
      10
      13
       9
       9
       5
       6
       9
       8
       6
       4
       9
      11
      10
      10
       5
      12
       6
      12
      17
       7
       6
      16
       9
      11
      11
       7
      15
      10
      12
       8
       8
       4
       4
      13
      14
       9
       6
      16
      12
      11
      10
       4
       9
      10
      15
       6
      10
       5
      11
       6
       8
       7
       5
       6
      10
       6
       3
      12
      11
       4
       4
      12
       8
       6
       7
      12
       8
       6
       9
       6
      12
       7
       7
       4
       4
      13
       1
      11
       8
      10
      13
      10
       7
       8
       4
      11
       7
       8
      13
       7
       5
      11
       7
       6
      10
       4
       5
       5
       9
      10
      10
       8
       9
      12
      10
       4
       8
       8
       9
       9
       7
      10
       9
       6
      10
      10
      10
       7
      10
       6
       6
       5
      10
       6
       5
       4
       7
       8
      10
       5
       4
       7
      10
       7
       8
      13
      12
       6
      10
       7
      10
       9
      10
       6
      11
       5
       9
       8
       5
      10
       8
       5
       9
       8
       9
       5
       9
       5
       7
       9
       7
       5
       4
       7
      12
       7
       6
       6
       8
       8
       4
       9
      10
       4
      14
      10
       7
       5
       9
       5
       4
       6
       2
       6
       4
       5
       9
       6
       8
       5
       6
       6
       9
       7
       6
       7
       7
       9
       7
      11
       2
       6
       8
       8
       5
       8
      10
       2
       7
      14
       5
      10
       3
      12
       5
       9
       4
       6
       7
       5
       2
       6
       7
       6
      11
       5
       5
       4
       7
       6
      12
      10
       9
       6
      10
      11
      10
       8
      12
      11
      16
      16
      22
      22
      28
      45
      69
      79
      84
     127
     160
     142
     192
     217
     165
     149
     104
      65
      34
      23
      13
      10
       7
       5
       8
       8
       4
       9
       6
       7
       3
       5
       7
       5
       6
       6
      10
       5
       5
       4
       3
      13
       7
       1
       5
       2
       4
       4
       2
       7
       6
       4
       4
       4
       8
       3
       4
       5
       3
       5
       5
       4
       6
       4
       3
       2
       4
       3
       5
       7
       8
       3
       5
       7
       6
       1
       4
       4
       2
       5
       3
       2
       4
       4
       3
       6
       3
       4
       2
       2
       1
       6
       6
       3
       6
       4
       6
       1
       2
       3
       3
       3
       5
       7
       4
       3
       3
       5
       6
       4
       8
       4
       3
       7
       1
       6
       6
       2
       5
       2
       3
       4
       6
       3
       3
      10
       5
       4
       3
       3
       4
       5
       6
       4
       2
       6
       3
       1
       3
       7
       1
       3
       3
       3
       6
       5
       7
       3
       3
       5
       3
       1
       0
       4
       3
       5
       5
       3
       6
       7
       5
       5
       2
       5
       3
       4
       2
       3
       3
       5
       4
       4
       8
       2
       4
       7
       6
       4
       6
       3
       3
       4
       1
       5
       2
       3
       7
       7
       5
       5
       3
       7
       3
       6
       2
       5
       4
       3
       1
       4
       5
       2
       2
       3
       7
       5
       2
       1
       1
       7
       4
       3
       5
       2
       2
       4
       6
       6
       6
       3
       4
       1
       5
       5
       3
       6
       5
       2
       5
       4
       3
       5
       3
       3
       4
       3
       3
       6
       5
       4
       3
       2
       3
       2
       3
       2
       0
       7
       4
       4
       1
       5
       3
       5
       3
       2
       4
       1
       2
       8
       5
       3
       4
       6
       3
       5
       5
       4
       1
       5
       2
       5
       1
       2
       2
       9
       3
       1
       5
       5
       3
       5
       8
       2
       4
       6
       4
       5
       3
       1
       2
       1
       6
       2
       6
       5
       2
       3
       5
       4
       4
       5
       1
       4
       3
       4
       4
       2
       3
       3
       5
       3
       6
       5
       3
       2
       5
       2
       2
       3
       2
       4
       3
       2
       1
       5
       3
       3
       1
       7
       5
       4
       5
       6
       4
       8
       5
       4
       2
       4
       5
       3
       3
       3
       4
       0
       5
       0
       4
       2
       3
       2
       2
       3
       1
       3
       3
       3
       3
       2
       6
       4
       3
       5
       4
       4
       1
       4
       2
       8
       4
       2
       5
       4
       3
       3
       3
       4
       6
       5
       2
       6
       9
       2
       3
       5
       3
       6
       8
       3
       3
       9
       4
       9
      15
      24
      19
      15
      41
      41
      64
      68
      62
      54
      39
      29
      23
      15
       8
       9
      10
       6
       6
       5
       6
       2
       2
       6
       5
       6
       1
       4
       3
       6
       1
       3
       1
       3
       6
       1
       3
       3
       3
       5
       6
       1
       5
       5
       6
       6
       5
       3
       2
       0
       3
       2
       4
       6
       8
       4
       1
       6
       3
       4
       1
       2
       2
       3
       3
       5
       4
       3
       4
       3
       5
       2
       2
       7
       4
       5
       1
       2
       6
       5
       1
       5
       2
       9
       2
       1
       2
       2
       0
       2
       4
       3
       2
       1
       4
       1
       1
       4
       1
       2
       3
       4
       1
       3
       1
       2
       5
       7
       2
       2
       6
       4
       1
       5
       1
       2
       2
       5
       2
       7
       2
       4
       3
       0
       5
       4
       1
       1
       5
       2
       7
       3
       5
       3
       5
       3
       2
       6
       6
       5
       5
       4
       3
       2
       5
       1
       2
       5
       6
       4
       5
       0
       4
       8
       2
       5
       5
       5
       7
       5
       2
       2
       3
       4
       7
       4
       3
       5
       7
       2
       9
       2
       3
       6
       2
       3
       1
       3
       4
       1
       2
       2
       6
       3
       2
       2
       1
       4
       3
       3
       3
       1
       2
       2
       2
       2
       2
       1
       2
       3
       3
       3
       1
       3
       3
       2
       3
       2
       4
       3
       4
       2
       3
       3
       2
       1
       0
       1
       1
       2
       1
       2
       1
       1
       3
       1
       5
       2
       2
       1
       2
       5
       2
       1
       1
       1
       1
       1
       6
       4
       1
       1
       3
       6
       1
       1
       4
       1
       4
       4
       2
       8
       2
       0
       2
       1
       2
       1
       1
       1
       3
       3
       2
       2
       4
       0
       3
       6
       1
       4
       2
       0
       3
       0
       1
       1
       2
       3
       1
       3
       0
       0
       1
       3
       2
       2
       1
       3
       0
       1
       1
       1
       1
       4
       3
       1
       3
       3
       1
       0
       2
       1
       2
       4
       3
       4
       1
       0
       1
       0
       1
       3
       5
       7
       1
       3
       1
       7
       1
       1
       2
       3
       1
       2
       3
       1
       1
       1
       1
       3
       3
       1
       2
       0
       1
       5
       1
       0
       2
       4
       0
       3
       4
       2
       2
       2
       5
       2
       0
       0
       2
       1
       3
       2
       2
       0
       4
       3
       1
       1
       3
       1
       3
       1
       4
       0
       2
       2
       0
       2
       0
       3
       3
       3
       3
       2
       3
       0
       3
       2
       7
       1
       1
       1
       1
       1
       2
       0
       0
       0
       1
       2
       1
       1
       4
       3
       3
       1
       3
       1
       2
       2
       4
       0
       3
       1
       5
       1
       2
       2
       0
       1
       2
       1
       1
       1
       3
       2
       2
       0
       1
       1
       2
       1
       0
       0
       1
       2
       1
       4
       2
       4
       0
       2
       1
       1
       4
       0
       2
       2
       1
       4
       4
       3
       2
       2
       2
       2
       2
       2
       0
       2
       0
       2
       2
       2
       1
       0
       1
       1
       4
       0
       3
       0
       2
       2
       1
       0
       1
       1
       3
       0
       0
       1
       1
       4
       2
       1
       1
       0
       3
       0
       2
       2
       1
       1
       3
       2
       2
       1
       1
       0
       4
       2
       3
       1
       2
       2
       1
       0
       2
       2
       5
       1
       1
       0
       0
       3
       1
       6
       2
       2
       2
       3
       3
       3
       2
       1
       1
       3
       2
       2
       1
       2
       2
       2
       3
       5
       1
       2
       0
       5
       1
       3
       2
       1
       0
       0
       1
       0
       2
       2
       2
       2
       3
       1
       3
       3
       0
       2
       2
       2
       1
       0
       4
       1
       0
       1
       4
       1
       1
       2
       0
       1
       2
       1
       2
       2
       0
       1
       0
       0
       2
       5
       1
       2
       1
       2
       2
       0
       0
       1
       1
       3
       1
       2
       2
       3
       2
       3
       2
       1
       1
       3
       2
       4
       2
       1
       1
       1
       5
       2
       1
       3
       1
       3
       0
       1
       1
       0
       0
       0
       2
       5
       0
       1
       1
       4
       0
       0
       1
       3
       0
       0
       0
       1
       3
       4
       0
       1
       1
       2
       0
       0
       1
       3
       4
       2
       3
       3
       1
       5
       1
       2
       0
       0
       0
       1
       1
       0
       0
       0
       3
       1
       1
       4
       0
       2
       1
       2
       1
       1
       0
       2
       1
       2
       1
       2
       1
       2
       3
       0
       1
       1
       0
       0
       2
       2
       0
       1
       4
       0
       1
       1
       0
       3
       0
       2
       1
       1
       0
       3
       2
       0
       2
       0
       1
       1
       3
       0
       1
       1
       0
       3
       2
       1
       2
       0
       1
       3
       0
       0
       1
       0
       1
       1
       2
       1
       1
       2
       4
       2
       0
       0
       3
       3
       0
       1
       1
       1
       2
       0
       3
       4
       1
       1
       3
       1
       0
       2
       1
       0
       1
       0
       3
       2
       2
       2
       3
       1
       0
       2
       3
       1
       3
       1
       2
       1
       4
       1
       1
       2
       2
       7
       8
       9
      12
      15
      18
      21
      30
      25
      22
      26
      19
      15
      17
      14
       8
       5
       4
       4
       3
       2
       1
       3
       3
       1
       3
       1
       2
       2
       1
       3
       2
       1
       0
       2
       1
       1
       1
       2
       2
       3
       1
       2
       1
       2
       2
       2
       3
       1
       2
       2
       1
       1
       1
       0
       1
       2
       1
       1
       2
       1
       2
       1
       1
       1
       5
       1
       1
       1
       2
       2
       0
       0
       0
       2
       2
       4
       1
       1
       1
       0
       1
       2
       1
       4
       0
       2
       1
       0
       0
       2
       0
       1
       4
       0
       2
       0
       1
       1
       2
       0
       0
       3
       2
       1
       1
       1
       1
       1
       1
       0
       2
       0
       0
       3
       0
       1
       1
       0
       2
       2
       1
       2
       2
       0
       1
       0
       0
       0
       0
       0
       1
       0
       3
       0
       3
       0
       1
       4
       0
       1
       3
       1
       0
       2
       1
       2
       2
       2
       1
       0
       1
       0
       2
       1
       2
       0
       0
       0
       3
       3
       0
       2
       0
       0
       2
       1
       1
       1
       0
       1
       2
       0
       1
       0
       1
       3
       0
       1
       0
       3
       3
       2
       0
       1
       0
       1
       0
       1
       1
       2
       2
       1
       0
       1
       2
       3
       1
       1
       1
       0
       2
       3
       2
       0
       2
       1
       1
       2
       0
       1
       3
       1
       2
       0
       1
       0
       1
       1
       1
       3
       2
       5
       0
       1
       3
       0
       0
       1
       1
       1
       2
       1
       2
       2
       1
       0
       1
       1
       3
       3
       2
       0
       0
       0
       0
       2
       1
       1
       4
       0
       0
       0
       0
       1
       3
       1
       0
       0
       0
       1
       1
       0
       1
       0
       1
       0
       0
       1
       2
       2
       0
       2
       0
       3
       1
       5
       1
       2
       1
       0
       0
       1
       1
       1
       0
       0
       0
       0
       0
       1
       2
       1
       0
       0
       1
       0
       2
       0
       1
       3
       1
       2
       1
       0
       0
       3
       1
       2
       0
       1
       2
       1
       2
       1
       1
       0
       0
       0
       1
       1
       0
       2
       2
       0
       1
$ROI:
0
$PRESETS:
Real Time
600
0
$ENER_FIT:
-0.062992 0.355624
$MCA_CAL:
3
-6.299250E-002 3.556245E-001 2.076740E-008 keV
$SHAPE_CAL:
3
2.404718E+000 1.018959E-003 -5.571540E-008
