$SPEC_ID:
20
$SPEC_REM:
DET# 1
DETDESC# OCL-MASSPEC MCB 337
AP# Maestro Version 7.01
$DATE_MEA:
07/02/2005 03:15:43
$MEAS_TIM:
584 600
$DATA:
0 2047
       0
       0
       0
       0
       0
       0
       0
       0
       0
       0
       0
       0
       0
       0
       0
       0
       0
       0
       0
       0
       0
       0
       0
       1
       0
       0
       0
       0
       3
      12
      98
     767
    1536
    2313
    2877
    3304
    3441
    3441
    3503
    3563
    3567
    3546
    3607
    3514
    3696
    3545
    3694
    3594
    3735
    3710
    3534
    3618
    3607
    3630
    3673
    3609
    3611
    3551
    3539
    3603
    3589
    3544
    3528
    3453
    3482
    3560
    3437
    3551
    3531
    3500
    3397
    3409
    3436
    3407
    3333
    3298
    3378
    3265
    3380
    3419
    3380
    3358
    3256
    3286
    3154
    3339
    3458
    3093
    3334
    3222
    3138
    3080
    3040
    3108
    3174
    3052
    3049
    2999
    3067
    2904
    3008
    2931
    2897
    2914
    2956
    3017
    2938
    2842
    2800
    2843
    2898
    2787
    2849
    2757
    2670
    2736
    2728
    2810
    2895
    2658
    2725
    2728
    2756
    2735
    2829
    2802
    2881
    2870
    2941
    3004
    3020
    2879
    3081
    3164
    3102
    3161
    3184
    3282
    3210
    3169
    3240
    3302
    3155
    3161
    3210
    3119
    3286
    3067
    3112
    3044
    3076
    3020
    3093
    2949
    2969
    2924
    2886
    2861
    2802
    2738
    2840
    2777
    2729
    2605
    2777
    2676
    2713
    2656
    2601
    2578
    2657
    2548
    2526
    2506
    2584
    2491
    2507
    2477
    2454
    2375
    2418
    2319
    2236
    2307
    2194
    2316
    2241
    2229
    2193
    2187
    2142
    2182
    2126
    2049
    2092
    2015
    2109
    1993
    2095
    2082
    1943
    1967
    1967
    1949
    1892
    1899
    1983
    1820
    1771
    1856
    1919
    1819
    1841
    1884
    1786
    1844
    1721
    1819
    1808
    1810
    1719
    1735
    1731
    1714
    1685
    1856
    1729
    1783
    1726
    1734
    1638
    1612
    1670
    1688
    1709
    1630
    1613
    1553
    1557
    1610
    1646
    1592
    1597
    1580
    1544
    1616
    1530
    1495
    1479
    1524
    1546
    1503
    1489
    1472
    1478
    1524
    1524
    1522
    1523
    1503
    1467
    1468
    1488
    1508
    1431
    1535
    1407
    1447
    1450
    1516
    1481
    1394
    1505
    1401
    1457
    1485
    1404
    1409
    1383
    1404
    1427
    1498
    1411
    1366
    1408
    1369
    1378
    1351
    1363
    1373
    1329
    1312
    1401
    1304
    1317
    1329
    1336
    1352
    1358
    1342
    1323
    1349
    1382
    1297
    1309
    1281
    1329
    1353
    1285
    1257
    1351
    1276
    1304
    1282
    1291
    1295
    1268
    1304
    1335
    1311
    1314
    1333
    1292
    1351
    1303
    1320
    1416
    1401
    1386
    1338
    1345
    1355
    1385
    1394
    1327
    1351
    1340
    1373
    1410
    1327
    1358
    1345
    1449
    1408
    1404
    1385
    1402
    1415
    1393
    1360
    1410
    1328
    1374
    1279
    1342
    1356
    1242
    1379
    1265
    1210
    1247
    1224
    1235
    1170
    1146
    1058
    1100
    1107
    1014
    1022
     972
     935
     916
     958
     934
     861
     811
     827
     821
     711
     735
     752
     724
     695
     654
     676
     603
     631
     601
     610
     599
     558
     589
     557
     584
     514
     542
     500
     479
     499
     500
     472
     484
     455
     487
     430
     455
     415
     403
     440
     438
     404
     405
     376
     418
     385
     381
     405
     361
     365
     386
     380
     346
     355
     364
     355
     324
     344
     342
     375
     327
     347
     312
     324
     360
     301
     299
     331
     329
     317
     294
     294
     324
     307
     288
     311
     323
     319
     303
     313
     300
     327
     329
     312
     318
     322
     357
     334
     375
     359
     364
     345
     373
     349
     356
     359
     392
     395
     390
     392
     408
     391
     419
     426
     455
     421
     428
     488
     486
     511
     514
     498
     546
     628
     554
     588
     641
     684
     727
     706
     765
     848
     906
     956
    1034
    1058
    1151
    1226
    1332
    1398
    1496
    1606
    1720
    1905
    2127
    2204
    2405
    2550
    2739
    2949
    3190
    3331
    3720
    3858
    4122
    4393
    4696
    5010
    5157
    5507
    5958
    6227
    6569
    6704
    7097
    7465
    7773
    8181
    8355
    8534
    8932
    9000
    9282
    9518
    9665
    9758
    9873
    9877
    9870
   10012
    9761
    9869
    9755
    9640
    9688
    9403
    8974
    8824
    8624
    8498
    8029
    7700
    7440
    7065
    6784
    6282
    5954
    5627
    5394
    5060
    4634
    4374
    4009
    3676
    3442
    3083
    2935
    2614
    2384
    2152
    1908
    1783
    1735
    1411
    1333
    1160
    1071
     939
     915
     815
     751
     682
     571
     592
     540
     452
     448
     413
     342
     380
     296
     281
     269
     261
     252
     235
     251
     183
     192
     211
     179
     175
     163
     169
     160
     152
     161
     145
     137
     125
     136
     144
     103
     115
     125
     128
     122
     109
     115
     125
     116
     108
      97
     106
      98
      89
     112
     104
      96
     115
      94
     101
     106
      91
     110
     109
      99
     121
     103
      89
     111
     105
     119
     100
      99
     110
      94
      96
      87
      90
      89
     107
      90
     111
      90
      83
     111
      84
      98
      93
     103
     101
      90
      84
     101
      86
      94
      95
      87
      89
      82
      85
      79
      95
      80
      90
     100
      88
      85
     109
      87
      87
      87
      92
      78
      74
      99
      82
     100
      87
      89
      87
      84
      87
      95
      73
      92
      90
      69
      92
      82
      90
      85
      86
      75
      75
      87
      82
      75
      88
      84
      83
      85
      82
      76
      78
      94
      87
      83
      87
      83
      84
      77
      82
      78
      92
      90
      84
      97
      74
      83
      75
      87
      80
      67
      88
      89
      91
      86
      91
      92
      92
      82
      98
      78
     102
      88
      93
     100
      89
      81
      78
      82
      93
      98
      85
      81
      89
      90
      79
      89
      78
      84
      89
      75
      86
      80
      75
      88
      69
      86
      76
      77
      88
      69
      73
      76
      69
      81
      67
      77
      78
     100
      66
      78
      62
      70
     112
      80
      85
      69
      73
      75
      77
      82
      85
      77
      80
      85
      68
      80
      79
      63
      74
      80
      64
      61
      69
      52
      59
      65
      71
      69
      63
      66
      68
      61
      66
      61
      68
      63
      62
      59
      64
      52
      70
      71
      58
      58
      64
      59
      58
      58
      54
      59
      52
      55
      62
      49
      71
      74
      67
      66
      64
      45
      51
      52
      52
      64
      58
      65
      48
      61
      60
      58
      49
      45
      56
      55
      55
      54
      62
      53
      55
      53
      60
      51
      63
      47
      63
      67
      56
      59
      48
      48
      52
      57
      59
      42
      57
      66
      64
      50
      65
      70
      50
      54
      71
      56
      72
      77
      65
      50
      57
      57
      58
      57
      60
      73
      60
      53
      57
      63
      64
      76
      62
      53
      56
      69
      65
      64
      58
      54
      61
      51
      51
      51
      54
      55
      54
      74
      41
      73
      56
      55
      47
      47
      68
      50
      65
      71
      58
      56
      74
      62
      56
      62
      59
      60
      57
      56
      44
      48
      57
      48
      64
      52
      53
      43
      54
      67
      56
      57
      50
      51
      51
      55
      49
      47
      58
      62
      39
      57
      66
      59
      47
      50
      62
      48
      53
      35
      49
      70
      55
      46
      47
      34
      41
      42
      45
      49
      47
      51
      47
      51
      40
      38
      33
      43
      37
      35
      34
      55
      43
      55
      51
      41
      39
      52
      34
      39
      52
      45
      39
      41
      34
      57
      36
      38
      39
      32
      41
      35
      51
      43
      37
      36
      36
      38
      40
      32
      39
      40
      43
      50
      31
      49
      37
      40
      38
      29
      46
      30
      38
      28
      30
      30
      44
      40
      43
      28
      34
      38
      29
      34
      28
      28
      34
      40
      28
      34
      35
      43
      38
      29
      30
      49
      36
      23
      35
      29
      34
      35
      39
      35
      26
      30
      26
      40
      32
      38
      38
      28
      36
      27
      23
      31
      30
      32
      30
      39
      31
      38
      39
      38
      36
      31
      31
      37
      36
      35
      36
      32
      35
      35
      35
      42
      37
      32
      41
      22
      30
      33
      40
      30
      41
      34
      29
      35
      45
      38
      29
      49
      40
      32
      35
      33
      47
      43
      49
      41
      57
      32
      43
      31
      54
      40
      46
      41
      33
      47
      44
      39
      42
      46
      46
      60
      41
      38
      37
      49
      56
      51
      51
      57
      64
      56
      63
      66
      55
      55
      62
      54
      55
      67
      74
      65
      72
      66
      64
      72
      92
      70
      82
      77
      79
      94
      91
      88
     102
      79
      90
      90
      94
      93
      94
      98
      88
      95
     119
      94
      88
      89
     108
     100
      90
     108
     103
      99
     123
     120
     100
     106
     121
      89
     105
     107
     105
      80
      84
      91
      93
      86
      83
      94
      98
      97
      81
      93
      81
     105
      96
      76
      82
      70
      58
      61
      66
      63
      88
      67
      51
      63
      40
      50
      46
      45
      68
      57
      61
      44
      58
      51
      41
      38
      40
      37
      38
      34
      31
      40
      32
      30
      25
      26
      33
      24
      27
      27
      33
      31
      39
      19
      27
      24
      17
      20
      23
      22
      15
      21
      18
      24
      26
      24
      23
      21
      25
      20
      24
      25
      22
      24
      21
      20
      21
      20
      12
      17
      21
      15
      11
      15
      13
      20
      19
      16
      18
      21
      12
      19
      17
      22
      15
      16
      13
      13
      11
      16
      22
      11
      19
      21
       9
       9
      14
      14
      16
      14
      18
      10
      16
       8
      14
      14
      14
       6
      13
      11
      16
      13
       6
      12
       8
      12
       8
       6
      19
       8
       8
       8
      13
      11
       9
       9
      17
      10
      13
      11
      15
       8
      10
      10
      15
      10
       8
      12
       9
      11
       7
       8
       5
       7
       9
      13
      13
       7
       7
      10
       9
      13
      10
       7
      10
      16
      10
       6
       6
      11
       9
       9
       7
      15
       8
       7
      13
      11
       8
       8
       7
      12
      14
      11
       7
       9
       4
      11
      13
       9
       7
      14
       8
      13
      13
      12
       9
      11
      11
       9
      11
       9
       7
      16
       4
      14
      18
      10
       6
       9
      11
      12
      12
      17
      13
       9
       6
      17
      13
       9
       6
      16
       8
      15
      12
       5
       6
      10
      18
       7
       9
      11
      13
      11
      14
      14
      17
      12
      11
      20
      11
      10
      13
      13
      13
      10
      16
      13
      17
      13
      10
      13
      15
      13
      12
      12
      12
      19
       6
       7
      16
      14
      10
       8
      15
      11
      11
       9
      13
       8
      10
       8
       6
       8
       7
      12
       6
       9
       9
       6
       6
       9
      11
       2
       2
       4
       6
       8
      11
       7
       7
       9
       8
       6
       7
       9
      10
       5
       9
       5
       5
       7
       4
      11
       6
       5
       6
       3
      12
       7
       6
      12
       7
       5
       8
      10
      12
       4
       5
       4
       5
       6
       4
       9
       3
       9
       5
       6
       5
       5
       4
       8
       4
       4
       8
       3
       3
      10
       6
      13
       2
       8
       9
       6
       3
       9
       2
       7
       9
       7
       4
       8
       9
       6
       5
       5
       5
       3
       5
       8
       6
       7
       7
       5
       6
       2
       7
       9
       6
       5
       4
       6
       7
       6
       2
       6
       4
       5
       4
       4
       4
       4
       4
       4
       3
       7
       3
       6
       5
       5
       9
       7
       5
       7
       7
       1
       7
       1
       4
       4
       3
       2
       8
       3
       7
       6
       6
       4
       4
       6
       6
       3
       5
      11
       8
       5
       5
       6
       4
       3
       7
       5
      11
       6
      12
       3
       7
      12
       2
       6
       3
       5
       9
       1
       4
       7
       5
       3
       8
       7
       2
       6
       6
       4
       3
      10
       1
       4
       3
       3
       4
      10
       4
       6
       7
       7
       5
       7
       7
       4
       7
       4
       6
       3
       8
       6
       2
       4
      10
       7
       4
       6
       8
       4
       5
       7
       7
       6
       9
       4
       8
       5
       9
       9
       6
       7
       6
       7
       4
       8
      11
       4
       7
       9
       9
       6
       9
       7
      11
       4
      10
       6
       8
       7
       8
       9
       8
       7
       7
       9
       6
       9
      11
       5
       9
       7
       7
       6
       4
       9
       4
       8
      10
       7
       7
       6
       3
       1
       9
       8
       8
       5
      10
      10
       8
       7
       9
      10
       8
       5
       4
       9
       6
       0
       4
      10
       5
       8
       9
       4
      11
       2
       2
       3
       5
      10
       3
       7
       8
       6
       7
       5
       5
       8
       4
       4
       7
      10
       4
       6
       8
       8
       6
       6
       4
       5
       7
       9
      10
       7
      10
       6
       4
       4
       6
       5
       6
       3
       3
       5
       6
       7
       7
       3
       4
       5
       2
       3
       5
       9
      11
       4
       9
       8
       4
       5
       3
       6
       5
       7
       6
       2
       5
      10
       2
       4
       4
       3
       6
       1
       7
       9
       6
       3
       8
       2
       4
       6
       6
       4
       8
       7
       2
       1
       6
       5
       7
       3
       4
       7
       8
       5
       6
       5
       6
       3
      10
       4
       2
      11
       8
       8
       6
       7
       3
       8
       8
       2
       2
       3
       6
       8
       2
       4
       2
       7
       3
       2
      10
       1
       4
       4
       2
       5
       6
       3
       7
       7
       1
       5
       4
       2
       4
       2
       4
       6
       4
       4
       4
       5
       3
       3
       2
       6
       2
       4
       4
       2
      11
       7
       0
       1
       6
       1
       4
       1
       2
       7
       3
       1
       3
       6
       0
       3
       2
       5
       3
       4
       3
       2
       2
       2
       4
       3
       0
       2
       3
       1
       2
       3
       4
       4
       3
       0
       4
       2
       2
       5
       4
       1
       2
       1
       2
       1
       5
       5
       2
       3
       4
       3
       2
       1
       1
       1
       3
       4
       3
       2
       3
       6
       3
       1
       2
       1
       1
       2
       4
       2
       3
       2
       4
       7
       2
       3
       1
       1
       1
       3
       1
       3
       5
       5
       0
       5
       2
       2
       5
       3
       1
       5
       2
       3
       6
       2
       3
       3
       3
       5
       3
       3
       0
       2
       6
      49
      55
      41
      59
      49
      36
      57
      43
      49
      56
      40
      44
      56
      56
      56
      49
      42
      40
      43
      46
      50
      38
      53
      36
      36
      39
      53
      42
      51
      50
      42
      45
      44
      38
      34
      43
      40
      39
      49
      39
      34
      45
      40
      39
      40
      30
$ROI:
0
$PRESETS:
Real Time
600
0
$ENER_FIT:
6.644839 1.220401
$MCA_CAL:
3
6.644839E+000 1.220401E+000 0.000000E+000 keV
$SHAPE_CAL:
3
0.000000E+000 0.000000E+000 0.000000E+000
