$SPEC_ID:
20
$SPEC_REM:
DET# 1
DETDESC# OCL-MASSPEC MCB 337
AP# Maestro Version 7.01
$DATE_MEA:
07/02/2005 03:39:21
$MEAS_TIM:
594 600
$DATA:
0 2047
       0
       0
       0
       0
       0
       0
       0
       0
       0
       0
       0
       0
       0
       0
       0
       0
       0
       0
       0
       0
       0
       0
       0
       0
       0
       0
       0
       0
       1
       2
      53
     469
     979
    1585
    2037
    2282
    2278
    2398
    2409
    2486
    2528
    2600
    2505
    2603
    2573
    2486
    2521
    2669
    2529
    2604
    2583
    2534
    2609
    2589
    2562
    2613
    2489
    2500
    2505
    2482
    2470
    2512
    2413
    2493
    2457
    2406
    2468
    2334
    2418
    2369
    2275
    2377
    2287
    2279
    2296
    2312
    2311
    2259
    2186
    2221
    2220
    2123
    2214
    2111
    1998
    2001
    2080
    2080
    2033
    1997
    1898
    1913
    1991
    1978
    1926
    1879
    1864
    1801
    1813
    1870
    1808
    1710
    1786
    1640
    1718
    1601
    1745
    1684
    1655
    1685
    1632
    1589
    1593
    1612
    1632
    1499
    1454
    1487
    1464
    1464
    1365
    1395
    1437
    1410
    1432
    1285
    1342
    1408
    1356
    1346
    1283
    1253
    1277
    1277
    1296
    1215
    1219
    1180
    1246
    1170
    1182
    1166
    1154
    1219
    1198
    1146
    1081
    1049
    1089
    1123
    1128
    1030
    1062
    1102
    1076
    1083
    1052
    1048
    1058
     999
     946
    1060
    1086
    1050
    1085
     932
    1033
     973
    1000
    1036
     945
     976
     953
     975
    1020
    1014
     934
     937
     977
     955
     972
     922
     892
     909
     883
     844
     851
     857
     805
     822
     823
     745
     811
     752
     705
     746
     752
     670
     789
     701
     713
     696
     693
     672
     594
     673
     653
     655
     641
     635
     626
     615
     645
     544
     648
     606
     608
     626
     604
     553
     604
     589
     560
     551
     612
     584
     538
     547
     547
     541
     535
     577
     530
     538
     499
     532
     533
     489
     481
     488
     505
     500
     473
     527
     513
     491
     467
     457
     456
     488
     488
     484
     435
     442
     409
     401
     468
     447
     424
     421
     426
     444
     399
     433
     460
     407
     429
     441
     417
     403
     449
     471
     447
     400
     429
     408
     417
     431
     418
     386
     371
     460
     412
     403
     388
     337
     363
     374
     364
     367
     377
     317
     339
     342
     347
     334
     338
     306
     338
     335
     288
     301
     324
     338
     316
     287
     314
     307
     294
     292
     308
     278
     299
     270
     267
     268
     260
     273
     258
     240
     266
     290
     293
     255
     228
     233
     282
     279
     236
     249
     272
     241
     247
     242
     237
     256
     247
     243
     220
     272
     223
     214
     240
     250
     244
     229
     258
     238
     233
     225
     218
     235
     238
     222
     222
     238
     214
     232
     233
     216
     221
     235
     218
     227
     222
     217
     214
     205
     219
     237
     188
     228
     191
     184
     211
     203
     207
     175
     248
     173
     187
     186
     204
     197
     199
     200
     187
     203
     189
     199
     201
     195
     182
     223
     202
     196
     189
     189
     172
     187
     190
     187
     200
     222
     196
     212
     188
     224
     197
     187
     198
     184
     176
     168
     192
     183
     200
     184
     172
     178
     197
     183
     171
     183
     169
     198
     164
     166
     188
     192
     164
     178
     157
     157
     160
     151
     178
     165
     178
     166
     178
     172
     170
     153
     173
     183
     156
     158
     182
     153
     165
     181
     185
     187
     178
     191
     157
     154
     174
     173
     172
     151
     167
     160
     174
     171
     181
     205
     160
     195
     191
     169
     151
     191
     185
     191
     170
     191
     183
     187
     184
     173
     178
     176
     170
     201
     151
     182
     185
     162
     163
     163
     173
     159
     167
     156
     168
     175
     178
     162
     168
     158
     170
     154
     164
     179
     155
     158
     142
     171
     148
     139
     159
     152
     121
     140
     133
     139
     139
     122
     127
     136
     125
     131
     112
     133
     105
     123
     113
     109
     126
     123
     108
     130
     101
     111
     120
     147
     127
     116
     122
     114
     128
     112
      99
     123
     122
     113
     108
      99
     106
     107
     116
      95
     112
     120
      97
     104
     102
     100
      97
     103
     108
     100
      88
     112
      96
     100
     110
      98
      88
      98
      90
     108
     107
     112
     101
     105
      91
      97
      94
     104
      92
     108
      97
      97
      90
     100
      91
      82
     107
     102
      85
      98
      88
     102
      79
      94
      92
      81
     105
      99
      96
     102
      98
      95
      99
     107
     107
      99
      97
      97
      95
      77
      89
      95
      91
      92
      76
     100
      88
      93
      93
      89
      95
      95
      82
      90
      87
      97
      84
      92
      88
      83
      88
      93
      90
      89
      96
      92
      87
      85
      81
      80
      85
      67
      87
      91
      82
      95
      68
      70
      74
      81
      76
      97
      82
      85
      94
      68
      91
      83
      87
      84
      87
      77
      72
      83
      73
      75
      81
      64
      87
      82
      72
      92
      81
      81
      73
      81
      83
      93
      77
      65
      76
      71
      80
      71
      88
      87
      80
      75
      75
      85
      71
      85
      82
      76
      76
      72
      65
      71
      92
      86
      84
      94
      72
      87
      94
      75
      79
      77
      92
      69
      78
      75
      80
      82
      81
      74
      96
      90
      81
      71
      86
      72
      85
      89
      75
      66
      89
      88
      86
      86
     102
      77
      76
      85
      83
      84
      72
      80
     101
      93
      94
      72
      78
      84
      78
      87
      84
      86
      79
      67
     104
      89
      78
      70
      91
      80
      80
      91
      66
      68
      80
      78
      94
      67
      83
      78
      81
      66
      74
      80
      74
      90
      81
      58
      84
      73
      77
      67
      68
      84
      77
      83
      79
      94
      76
      68
      69
      80
      76
      76
      70
      65
      64
      70
      56
      75
      84
      79
      78
      68
      58
      60
      83
      85
      72
      68
      59
      57
      74
      54
      61
      88
      65
      73
      67
      60
      56
      71
      57
      83
      58
      59
      68
      65
      74
      64
      62
      61
      67
      50
      60
      65
      57
      60
      56
      63
      55
      50
      61
      61
      69
      46
      48
      59
      51
      53
      57
      35
      51
      60
      48
      53
      53
      59
      56
      72
      66
      71
      56
      64
      49
      46
      53
      66
      60
      46
      53
      59
      52
      58
      52
      61
      62
      45
      61
      54
      55
      73
      74
      47
      50
      46
      62
      44
      45
      49
      53
      62
      48
      53
      66
      70
      63
      49
      59
      66
      56
      51
      53
      55
      42
      59
      64
      55
      59
      67
      52
      55
      63
      56
      53
      61
      49
      67
      58
      67
      78
      71
      44
      64
      62
      71
      59
      54
      59
      57
      56
      55
      63
      52
      58
      51
      60
      35
      68
      66
      61
      59
      60
      68
      66
      55
      65
      58
      44
      55
      55
      52
      48
      47
      57
      46
      56
      58
      68
      62
      60
      60
      46
      50
      46
      45
      54
      40
      45
      49
      42
      46
      60
      47
      41
      39
      54
      43
      38
      37
      45
      47
      52
      46
      40
      34
      43
      33
      36
      39
      52
      31
      52
      37
      48
      45
      38
      35
      37
      51
      40
      32
      35
      28
      44
      46
      48
      42
      40
      42
      33
      53
      39
      37
      38
      37
      38
      34
      28
      31
      41
      36
      40
      37
      38
      31
      33
      42
      36
      45
      34
      33
      26
      38
      32
      29
      37
      33
      31
      42
      32
      27
      33
      41
      33
      18
      31
      31
      32
      40
      29
      37
      31
      31
      37
      30
      32
      36
      35
      37
      34
      38
      34
      40
      31
      33
      33
      42
      41
      21
      37
      31
      34
      25
      29
      34
      31
      21
      44
      31
      38
      32
      44
      37
      26
      22
      39
      20
      29
      25
      33
      26
      28
      15
      21
      45
      34
      35
      32
      31
      33
      34
      29
      43
      24
      30
      33
      43
      37
      27
      39
      35
      42
      30
      35
      37
      34
      33
      41
      36
      38
      42
      39
      43
      36
      43
      55
      32
      48
      40
      41
      42
      43
      56
      39
      50
      54
      48
      52
      39
      48
      41
      50
      53
      40
      44
      59
      61
      51
      67
      56
      54
      63
      74
      62
      68
      77
      75
      72
      82
      80
      76
      80
      87
      93
      70
      79
     102
      86
      82
      90
      96
     113
     110
      95
     104
      81
     105
     113
     101
      94
     102
     105
      88
     107
      93
     105
      97
     106
      96
     113
     114
     114
     108
      95
     124
      98
      90
      97
      89
      94
      78
      98
     107
      84
      83
      87
      77
      92
      76
      82
      74
      76
      58
      71
      61
      65
      51
      54
      56
      69
      56
      61
      57
      49
      56
      53
      50
      32
      44
      52
      40
      49
      46
      36
      33
      45
      32
      35
      35
      31
      38
      39
      29
      31
      27
      34
      26
      32
      35
      27
      26
      14
      30
      24
      26
      25
      24
      21
      24
      25
      20
      21
      16
      25
      25
      32
      23
      26
      23
      12
      16
      19
      15
      21
      15
      15
      20
      20
      17
      15
      13
      12
      14
      16
      13
      20
      21
      25
      20
      11
       5
      13
      21
      16
      16
      17
      22
      12
      12
       8
      10
      11
      10
      15
       7
      12
       7
      17
      12
       8
       7
       9
       8
      11
      12
      15
      12
      12
      10
       6
      14
      11
      11
      15
      14
      12
      12
       9
       8
       9
      13
      11
       8
      12
      10
       9
       8
       5
       8
       8
      11
       9
       8
       7
       8
      11
       7
       7
       9
      13
       9
       6
       9
       9
       8
       8
       9
       3
      15
       9
       8
       9
       4
      15
       7
       4
       7
       4
       8
       8
      13
       9
       6
      11
       8
      14
       8
      12
       9
      11
      14
       7
       8
       8
       4
      12
       8
      10
       8
       8
      10
       6
      13
       9
      11
      12
       8
      13
      12
      16
       7
      11
      12
      14
       9
       6
      16
      12
      10
      15
       9
      16
      10
       6
      13
      15
      11
       6
      14
      11
      10
      14
      16
      15
      13
      13
       7
      17
      16
      11
       4
      10
      11
      13
      16
      10
      13
      16
      13
      10
      14
       8
      15
      10
      12
       9
      16
      11
       8
       9
       9
      16
       8
       9
       7
      18
      11
      11
      12
      11
       5
       6
      10
      10
      12
       6
       6
      10
      12
       8
      10
      12
      10
       4
       7
       8
       8
       5
      12
       6
       7
       6
       7
       6
       6
       6
       2
      11
       4
       8
       7
       9
       8
       5
      13
       4
       9
       3
      12
       7
       4
       2
      11
       6
       4
       5
       4
       9
       4
       7
       4
       6
       5
       7
       5
       9
       7
       3
       5
       3
       5
      10
       3
      12
       8
       8
       9
       2
       8
       7
       9
       3
       8
       5
       6
       5
       8
       8
      11
       1
       2
       8
       6
       7
       7
       6
       5
       7
      11
       1
       5
       3
       6
       5
       7
       4
       3
       6
       4
       7
       6
       7
       5
       8
       4
       4
       5
       5
       4
       9
       4
       5
       4
       5
       2
       7
       6
       6
       8
       4
       6
       9
       2
       6
       7
       4
       7
       8
       4
       4
       3
       7
       8
      11
       8
       7
       7
       5
       8
       6
       5
       3
       4
       3
       2
       4
       7
       5
       3
       6
       4
       2
       5
       5
       8
       4
       3
       4
       3
       9
       3
       3
       8
       6
       6
       5
       5
       7
       7
       5
       7
       3
       3
       4
       8
       7
       5
       9
       5
       2
       4
       4
       1
       5
       7
       6
       4
       4
       9
       8
       6
       2
       9
       5
       5
       4
       5
       7
       6
       3
      11
       7
       7
       7
       2
       6
       8
       7
       7
       3
       1
       8
       2
       5
       5
       3
       6
       3
       7
       5
       7
      16
       8
       9
       5
       3
      12
       7
       8
       6
       5
       6
       4
       8
       5
      10
       3
       8
       9
      10
       8
      10
       4
       9
       9
       9
       8
       4
       4
       9
       8
       6
       9
      11
       8
       4
       6
       8
       3
       7
       7
       9
       6
       8
       5
       1
       6
       8
       7
       6
       5
       6
       8
       6
       8
       2
       6
      10
       5
       2
       7
       8
       3
       9
       6
       4
       9
       6
       5
       8
       3
       7
       7
      12
       6
      10
       7
       3
       5
       2
      10
       4
       6
      13
       6
       5
      11
       2
      14
       7
       2
       9
       5
       7
       5
       5
      16
       5
       8
       5
       5
       3
       3
       9
       7
       3
       2
       4
       6
       4
       6
      11
      10
       7
       6
      11
       9
      12
       4
       5
       6
       9
       6
       4
       5
       5
       7
       3
       5
      11
       5
       4
       6
       5
       6
       8
       5
       5
       1
       1
       1
       6
       6
       4
       8
      12
       6
       3
       4
       5
       4
       1
       3
       6
       4
       3
       2
       8
       3
       6
       4
       5
       6
       4
       4
       3
       6
       3
       5
       8
       4
       7
       4
       1
       3
       6
       4
       5
       6
       5
       6
       4
       3
       3
       0
       4
       2
       3
       5
       4
       4
       4
       3
       7
       2
       4
       6
       2
       7
       1
       4
       6
       0
       5
       3
       1
       3
       2
       8
       2
       4
       6
       5
       6
       7
       2
       6
       1
       4
       4
       4
       2
       2
       2
       2
       2
       1
       2
       3
       2
       1
       1
       4
       7
       3
       0
       5
       0
       3
       1
       7
       8
       5
       1
       5
       3
       3
       1
       2
       2
       2
       1
       1
       2
       1
       3
       2
       1
       4
       2
       2
       3
       7
       2
       1
       1
       2
       4
       2
       2
       2
       1
       3
       5
       5
       3
       2
       0
       2
       2
       3
       4
       7
       2
       1
       3
       3
       0
       0
       1
       2
       1
       5
       4
       2
       4
       4
       4
       3
       2
       4
       2
       1
       2
       4
       1
       2
       4
       2
       2
       4
       0
       6
       5
       4
       3
       2
       2
       3
       2
      10
      41
      42
      52
      48
      37
      52
      46
      49
      47
      59
      34
      34
      46
      49
      39
      49
      74
      37
      57
      45
      45
      45
      54
      55
      42
      39
      46
      55
      54
      36
      35
      41
      46
      57
      49
      42
      42
      45
      34
      50
      39
      35
      41
      42
      38
      30
$ROI:
0
$PRESETS:
Real Time
600
0
$ENER_FIT:
6.644839 1.220401
$MCA_CAL:
3
6.644839E+000 1.220401E+000 0.000000E+000 keV
$SHAPE_CAL:
3
0.000000E+000 0.000000E+000 0.000000E+000
