$SPEC_ID:
No sample description was entered.
$SPEC_REM:
DET# 54
DETDESC# KILAB-122095 Octete Input 4
AP# Maestro Version 7.01
$DATE_MEA:
11/05/2025 13:31:39
$MEAS_TIM:
1179 1200
$DATA:
0 511
       0
       0
       0
       0
       0
       0
       0
       0
       0
       0
       0
       0
       0
       0
       0
       0
       0
       0
       0
       0
       0
       0
       0
       0
       0
       0
       0
       0
       0
       0
       0
       0
       0
       0
       0
       0
       0
       0
       0
       0
       0
       0
       0
       0
       0
       1
       3
       7
      20
    3475
    8733
    9305
    9708
   10210
   10519
   10531
   10576
   10666
   10722
   10640
   10783
   10469
   10213
   10059
    9828
    9786
    9636
    9474
    9000
    8906
    8803
    8728
    8389
    8226
    8310
    7673
    7695
    7785
    7479
    7388
    7154
    7088
    7069
    6712
    6547
    6559
    6642
    6397
    6185
    6228
    6088
    5938
    6165
    5779
    5751
    5824
    5594
    5655
    5540
    5488
    5380
    5353
    5342
    5254
    5290
    5231
    5253
    5227
    5086
    5134
    5135
    4946
    4980
    4921
    4958
    4970
    4892
    4942
    4856
    4889
    4959
    4820
    4978
    4760
    4826
    4857
    4796
    4729
    4627
    4465
    4265
    4431
    4325
    4198
    4260
    4197
    4154
    4139
    4038
    4109
    3995
    4099
    4098
    3921
    3855
    3897
    3795
    3811
    3892
    3741
    3783
    3852
    3921
    4203
    5677
   10040
   16454
   17324
   11093
    5840
    4232
    3840
    3458
    3150
    3080
    3036
    3065
    2954
    2932
    2924
    2988
    2831
    2944
    2774
    2803
    2815
    2871
    2919
    3261
    4120
    5340
    5266
    4212
    3467
    3568
    3466
    2949
    2562
    2403
    2400
    2280
    2305
    2291
    2301
    2283
    2232
    2251
    2236
    2151
    2311
    2091
    2129
    2097
    2155
    2164
    2054
    2075
    2084
    2193
    1916
    1919
    2004
    2016
    1924
    1890
    1896
    1829
    1793
    1850
    1881
    1799
    1752
    1693
    1749
    1796
    1701
    1601
    1702
    1654
    1560
    1577
    1541
    1594
    1536
    1503
    1519
    1481
    1511
    1452
    1439
    1453
    1497
    1400
    1457
    1363
    1333
    1402
    1342
    1312
    1351
    1276
    1293
    1230
    1214
    1235
    1314
    1167
    1182
    1094
    1118
    1072
    1082
    1064
    1070
    1114
    1033
    1009
    1046
     989
     940
     939
     981
     965
     882
     892
     927
     952
     923
     910
     895
     853
     858
     832
     821
     844
     755
     816
     823
     762
     761
     747
     738
     673
     718
     762
     709
     672
     709
     707
     680
     642
     700
     645
     627
     686
     647
     589
     628
     626
     591
     570
     602
     536
     500
     540
     633
    1106
    2889
    5285
    5537
    3282
    1191
     561
     340
     264
     185
     147
     149
     169
     115
     120
     117
     136
     113
     142
     132
     133
     130
     126
     136
     266
     626
    1010
     840
     580
     336
     349
     331
     188
      75
      26
      18
      15
      21
      14
       6
      16
       8
       9
      12
      13
      28
      14
       9
      15
      13
      11
      15
      17
       9
      18
      13
      15
      12
      13
      11
      12
      13
       8
       9
       4
      13
      14
      13
       6
       6
       8
       6
      13
      10
       8
      10
       7
       4
       6
       3
      12
      10
       5
      11
       8
       9
       5
       9
      10
       7
       4
       5
       9
      13
       4
       9
       5
       4
       3
       6
       9
       6
       4
      11
       4
       3
       7
       4
       4
       5
       1
       4
       6
       7
       4
       4
       4
       3
       3
       7
       4
       0
       5
       3
       0
       3
       2
       8
       6
       9
       7
       1
       2
       4
       3
       1
       5
       3
       2
       5
       3
       4
       3
       5
       4
       1
       1
       4
       0
       3
       4
       4
       5
       2
       1
       0
       2
       2
       2
       7
      10
       6
       2
       3
       2
       1
       2
       0
       1
       0
       1
       1
       0
       0
       1
       1
       0
       3
       0
       3
       1
       3
       3
       3
       8
       3
       1
       3
       2
       0
       1
       1
       1
       3
       1
       1
$ROI:
0
$PRESETS:
Real Time
1200
0
$ENER_FIT:
0.000000 0.000000
$MCA_CAL:
3
0.000000E+000 0.000000E+000 0.000000E+000 
$SHAPE_CAL:
3
0.000000E+000 0.000000E+000 0.000000E+000
