$SPEC_ID:
No sample description was entered.
$SPEC_REM:
DET# 54
DETDESC# KILAB-122095 Octete Input 4
AP# Maestro Version 7.01
$DATE_MEA:
11/05/2025 13:57:34
$MEAS_TIM:
1084 1200
$DATA:
0 511
       0
       0
       0
       0
       0
       0
       0
       0
       0
       0
       0
       0
       0
       0
       0
       0
       0
       0
       0
       0
       0
       0
       0
       0
       0
       0
       0
       0
       0
       0
       0
       0
       0
       0
       0
       0
       0
       0
       0
       0
       0
       0
       0
       0
       0
       4
     105
     274
     734
   23075
   58742
   59616
   61028
   61301
   62205
   63326
   63712
   63964
   64676
   65048
   65385
   65104
   65592
   65534
   65414
   65205
   65482
   65554
   64898
   64827
   64560
   64705
   64869
   64256
   63901
   63484
   64058
   63400
   63274
   62339
   62156
   61658
   61755
   61240
   61013
   59933
   59789
   59831
   58985
   58789
   58295
   57824
   57581
   57101
   56719
   56297
   56112
   56010
   55042
   54366
   54766
   54525
   53824
   53379
   53192
   52852
   52925
   52345
   51526
   51363
   51250
   50773
   50482
   49724
   49506
   49286
   48489
   48043
   48238
   47253
   46925
   47066
   46261
   45887
   45429
   44304
   44376
   43585
   43262
   42625
   41669
   41413
   41103
   39926
   39450
   39053
   38578
   37830
   37452
   36544
   35641
   34845
   34487
   33933
   33094
   32382
   32000
   31195
   30510
   29848
   29012
   28777
   28188
   27343
   26385
   25643
   25119
   24372
   24150
   23334
   22646
   21712
   21362
   20823
   20438
   19539
   19114
   18347
   17970
   17281
   16637
   15944
   15457
   15000
   14704
   13855
   13436
   12897
   12493
   11974
   11459
   11163
   10579
   10074
    9629
    9070
    8883
    8393
    8095
    7610
    7295
    6712
    6533
    6151
    5905
    5641
    5284
    4949
    4611
    4427
    4051
    3870
    3452
    3253
    3113
    2812
    2726
    2524
    2189
    2111
    1960
    1794
    1572
    1508
    1399
    1279
    1103
    1026
     917
     791
     719
     672
     605
     552
     541
     464
     425
     400
     369
     405
     353
     337
     335
     349
     336
     329
     325
     315
     294
     333
     300
     322
     275
     255
     273
     264
     259
     253
     232
     221
     234
     205
     217
     209
     198
     211
     198
     192
     183
     175
     188
     141
     143
     148
     176
     160
     145
     122
     143
     130
     142
     137
     119
     126
     119
     113
     133
     116
     128
     130
     112
     103
     106
      96
     104
      81
      81
      94
      82
      70
      82
      70
      68
      73
      79
      65
      61
      54
      51
      52
      49
      61
      42
      55
      50
      43
      45
      42
      53
      36
      24
      29
      38
      34
      32
      30
      37
      36
      25
      34
      35
      25
      30
      17
      23
      21
      19
      29
      22
      19
      22
      19
      18
      13
      10
      13
       8
      17
      15
      10
      13
      11
      17
      11
      11
      20
      13
      10
      10
       7
       8
       2
       7
      10
       4
      10
       6
       4
       1
       6
       4
       3
       1
       3
       7
       3
       4
       0
       6
       4
       2
       1
       1
       3
       2
       3
       1
       2
       5
       0
       2
       1
       0
       0
       1
       0
       1
       2
       1
       0
       0
       0
       1
       0
       0
       1
       0
       0
       1
       0
       0
       0
       1
       0
       0
       0
       0
       0
       1
       0
       1
       0
       0
       0
       1
       0
       1
       0
       0
       0
       0
       0
       0
       0
       0
       0
       0
       0
       0
       0
       0
       0
       0
       0
       0
       1
       0
       0
       0
       0
       0
       0
       0
       0
       1
       0
       0
       0
       0
       0
       0
       0
       0
       0
       0
       0
       1
       0
       0
       0
       0
       0
       0
       0
       0
       0
       0
       0
       0
       0
       0
       0
       0
       0
       0
       0
       0
       0
       0
       0
       0
       0
       1
       0
       0
       0
       0
       0
       0
       0
       0
       0
       0
       0
       0
       0
       0
       1
       0
       1
       0
       0
       0
       0
       0
       0
       0
       0
       0
       0
       0
       0
$ROI:
0
$PRESETS:
Real Time
1200
0
$ENER_FIT:
0.000000 0.000000
$MCA_CAL:
3
0.000000E+000 0.000000E+000 0.000000E+000 
$SHAPE_CAL:
3
0.000000E+000 0.000000E+000 0.000000E+000
