$SPEC_ID:
No sample description was entered.
$SPEC_REM:
DET# 52
DETDESC# KILAB-122095 Octete Input 2
AP# Maestro Version 7.01
$DATE_MEA:
11/05/2025 13:57:41
$MEAS_TIM:
1084 1200
$DATA:
0 511
       0
       1
       0
       0
       1
       1
       1
       0
       0
       1
       0
       0
       0
       0
       1
       0
       0
       0
       0
       1
       1
       1
       0
       0
       0
       0
       1
       1
       0
       0
       0
       1
       1
       1
       0
       0
       1
       2
       0
       1
       0
       0
       0
       1
       1
       0
       1
       0
       0
       0
       0
       1
       0
       0
       0
       1
       1
       1
       0
       0
       1
       1
       0
       0
       2
       0
       0
       0
       2
       1
       0
       1
       0
       1
       0
       0
       1
       1
       0
       0
       0
       1
       0
       0
       0
       0
       0
       0
       1
       0
       1
       0
       2
       0
       1
       0
       0
       2
       1
       0
       0
       1
       0
       0
       0
       0
       0
       1
       0
       0
       0
       0
       0
       3
       1
       1
       0
       1
       0
       0
       1
       0
       0
       0
       1
       0
       1
       0
       0
       1
       0
       2
       0
       1
       0
       1
       0
       0
       0
       0
       0
       0
       1
       0
       0
       1
       2
       0
       0
       1
       0
       0
       0
       0
       0
       0
       0
       0
       0
       1
       0
       0
       0
       0
       0
       1
       1
       0
       0
       0
       0
       2
       1
       1
       0
       0
       0
       0
       0
       0
       0
       1
       0
       0
       0
       2
       1
       0
       0
       0
       0
       0
       2
       0
       1
       0
       0
       0
       0
       0
       0
       0
       0
       0
       1
       0
       0
       0
       0
       0
       0
       0
       0
       0
       1
       2
       0
       0
       0
       0
       0
       0
       0
       2
       1
       0
       0
       1
       0
       1
       0
       0
       1
       0
       0
       0
       0
       0
       0
       0
       1
       1
       0
       0
       0
       0
       0
       0
       0
       0
       1
       1
       1
       1
       0
       0
       2
       1
       1
       0
       1
       0
       0
       0
       1
       0
       0
       0
       0
       0
       0
       1
       0
       1
       2
       0
       0
       1
       1
       1
       0
       0
       3
       0
       1
       1
       0
       0
       1
       1
       3
       0
       1
       0
       0
       0
       0
       0
       0
       0
       1
       1
       0
       0
       0
       2
       0
       1
       0
       0
       0
       0
       0
       2
       0
       0
       0
       0
       0
       0
       2
       2
       1
       2
       0
       2
       1
       0
       1
       1
       0
       1
       1
       1
       1
       2
       1
       2
       1
       0
       0
       2
       0
       0
       0
       2
       1
       1
       0
       0
       0
       1
       2
       0
       1
       0
       1
       0
       0
       1
       0
       0
       1
       1
       2
       1
       1
       0
       1
       2
       1
       0
       0
       0
       1
       2
       4
       6
       3
       9
      18
      50
      95
      97
      45
      51
      58
     126
     249
     323
     251
      69
       2
       0
       2
       1
       1
       1
       2
       2
       4
       3
       4
       5
       8
      11
       6
       5
       3
       1
       1
       4
       5
       2
       9
       9
      11
       9
      16
      13
      19
      29
      45
      33
      17
       2
       5
       0
       1
       2
       1
       1
       1
       3
       0
       2
       7
       9
       8
      10
       3
       4
       1
       5
       4
       7
       4
       4
       2
       6
       7
       3
       5
       3
       7
       7
       9
       4
       4
      14
       9
       8
      20
      21
      18
      19
      24
      21
      31
      25
      54
      61
      87
     115
     163
     292
     513
    1185
    2845
    6007
    8036
    6128
    3918
    4874
    9425
   20022
   31582
   25706
    8531
    1007
      47
       3
       0
       1
       0
       1
       0
       0
       0
       0
       0
       0
       0
       0
       0
       1
       0
       0
       1
       0
       0
       0
$ROI:
0
$PRESETS:
Real Time
1200
0
$ENER_FIT:
0.000000 0.000000
$MCA_CAL:
3
0.000000E+000 0.000000E+000 0.000000E+000 
$SHAPE_CAL:
3
0.000000E+000 0.000000E+000 0.000000E+000
