$SPEC_ID:
No sample description was entered.
$SPEC_REM:
DET# 52
DETDESC# KILAB-122095 Octete Input 2
AP# Maestro Version 7.01
$DATE_MEA:
11/05/2025 13:31:36
$MEAS_TIM:
1179 1200
$DATA:
0 511
       0
       0
       0
       0
       0
       0
       0
       0
       1
       1
       0
       1
       1
       0
       0
       0
       0
       0
       1
       0
       0
       0
       1
       0
       0
       0
       0
       0
       0
       0
       0
       0
       0
       0
       1
       0
       0
       0
       0
       0
       1
       0
       1
       0
       0
       0
       1
       0
       0
       0
       0
       0
       0
       0
       1
       1
       0
       0
       0
       0
       0
       0
       2
       1
       0
       0
       0
       0
       0
       0
       0
       0
       0
       0
       0
       0
       1
       0
       0
       0
       0
       0
       0
       1
       0
       0
       0
       0
       0
       1
       0
       0
       0
       0
       1
       0
       0
       0
       0
       0
       0
       1
       2
       0
       0
       0
       0
       1
       0
       1
       1
       1
       0
       0
       1
       1
       1
       1
       1
       0
       0
       0
       0
       1
       0
       1
       0
       0
       0
       0
       0
       1
       0
       0
       2
       0
       0
       0
       1
       0
       2
       0
       0
       0
       0
       0
       1
       0
       0
       0
       0
       0
       0
       0
       1
       1
       0
       1
       0
       0
       1
       1
       3
       1
       0
       0
       1
       0
       0
       0
       0
       1
       1
       1
       0
       1
       0
       0
       0
       2
       1
       2
       0
       0
       0
       0
       1
       0
       1
       1
       1
       0
       2
       1
       0
       2
       1
       1
       0
       0
       1
       0
       0
       0
       1
       0
       1
       0
       0
       1
       1
       0
       0
       1
       0
       3
       0
       0
       0
       0
       0
       0
       0
       1
       2
       1
       0
       0
       0
       1
       4
       0
       0
       0
       1
       0
       0
       2
       0
       0
       0
       0
       3
       3
       1
       0
       0
       0
       1
       0
       0
       0
       1
       1
       2
       0
       1
       1
       1
       0
       0
       1
       1
       2
       2
       2
       0
       4
       1
       0
       0
       0
       1
       0
       0
       0
       3
       0
       0
       0
       1
       0
       0
       0
       0
       0
       0
       1
       3
       0
       1
       3
       0
       0
       1
       0
       0
       2
       0
       1
       1
       0
       1
       2
       1
       0
       2
       0
       1
       1
       0
       2
       1
       1
       0
       0
       2
       0
       1
       1
       2
       6
       1
       1
       1
       1
       2
       3
       3
       5
       5
       0
       0
       3
       0
       0
       2
       1
       2
       0
       1
       3
       1
       1
       1
       2
       2
       1
       0
       1
       2
       1
       0
       2
       2
       1
       1
       1
       4
       0
       1
       0
       0
       0
       0
       1
       3
       0
       1
       2
       3
       1
       4
       0
       6
       0
       0
       2
       4
       3
       5
       4
       4
       0
       5
      13
      15
      17
      14
      16
       9
       5
       4
       6
       4
       4
       8
       5
       4
       3
       4
       7
       6
       4
       7
       5
       7
      10
       6
       8
       6
      10
      11
      15
      18
      14
      22
      32
      42
      42
      41
      41
      40
      56
      55
      94
     124
     193
     293
     594
    1381
    3031
    6044
    8788
    7820
    4835
    4798
    7710
   14537
   23795
   25495
   12972
    2588
     182
       9
       0
       0
       0
       0
       0
       0
       0
       1
       0
       0
       0
       0
       1
       0
       0
       1
       0
       0
       0
       0
       0
       0
       0
       0
       0
       1
       0
       0
       0
       0
       0
       0
       0
       0
       0
       0
       0
       0
       0
       0
       0
       0
       0
       0
       0
       0
       0
       0
       0
       0
       0
       0
       0
       0
       0
       0
       0
       0
       0
       0
       0
       0
       0
       0
       0
       0
       0
$ROI:
0
$PRESETS:
Real Time
1200
0
$ENER_FIT:
0.000000 0.000000
$MCA_CAL:
3
0.000000E+000 0.000000E+000 0.000000E+000 
$SHAPE_CAL:
3
0.000000E+000 0.000000E+000 0.000000E+000
