$SPEC_ID:
40
$SPEC_REM:
DET# 1
DETDESC# OCL-MASSPEC MCB 337
AP# Maestro Version 7.01
$DATE_MEA:
10/15/2025 14:21:16
$MEAS_TIM:
293 300
$DATA:
0 2047
       0
       0
       0
       0
       0
       0
       0
       0
       0
       0
       0
       0
       0
       0
       0
       0
       0
       3
      92
     230
     203
     245
     242
     217
     258
     252
     254
     240
     247
     237
     249
     312
     262
     328
     355
     486
     655
     866
    1335
    1864
    2776
    3957
    5499
    7077
    8720
   10281
   11876
   12821
   13067
   13268
   12667
   11458
   10129
    8772
    6985
    5788
    4576
    3542
    2626
    2074
    1503
    1080
     893
     695
     575
     541
     445
     441
     489
     496
     507
     548
     593
     628
     704
     703
     734
     822
     675
     752
     788
     753
     759
     771
     690
     709
     659
     644
     618
     580
     578
     581
     556
     566
     603
     549
     620
     612
     662
     734
     715
     818
     770
     923
     991
    1158
    1257
    1401
    1582
    1899
    2103
    2324
    2642
    2875
    3211
    3558
    3845
    3967
    4303
    4369
    4519
    4525
    4435
    4404
    4153
    3928
    3596
    3424
    3009
    2665
    2368
    2068
    1820
    1480
    1258
    1115
     883
     772
     626
     544
     466
     419
     373
     372
     325
     312
     329
     281
     277
     269
     293
     279
     281
     278
     293
     281
     291
     277
     314
     297
     320
     307
     333
     311
     353
     306
     312
     270
     309
     314
     322
     300
     285
     316
     293
     295
     300
     331
     287
     317
     291
     296
     270
     311
     308
     272
     275
     280
     296
     281
     320
     335
     308
     311
     286
     336
     300
     309
     310
     317
     317
     322
     330
     316
     316
     315
     351
     409
     351
     333
     381
     347
     364
     367
     377
     366
     351
     363
     380
     378
     421
     389
     388
     438
     377
     356
     387
     434
     352
     414
     361
     395
     403
     386
     381
     329
     341
     355
     361
     356
     334
     287
     371
     362
     356
     344
     338
     322
     355
     334
     301
     308
     273
     294
     323
     316
     287
     303
     275
     301
     277
     304
     299
     297
     264
     250
     283
     264
     294
     269
     272
     246
     257
     245
     283
     254
     254
     261
     225
     263
     256
     259
     267
     227
     242
     231
     189
     259
     196
     209
     230
     195
     227
     234
     220
     206
     191
     185
     235
     197
     175
     226
     200
     208
     208
     223
     192
     209
     214
     189
     209
     232
     190
     228
     204
     187
     184
     196
     164
     202
     189
     192
     161
     177
     192
     160
     177
     166
     170
     168
     164
     180
     152
     185
     177
     171
     195
     174
     168
     174
     184
     191
     185
     180
     191
     196
     207
     210
     194
     212
     200
     222
     231
     241
     243
     260
     293
     279
     264
     262
     279
     326
     313
     343
     339
     399
     329
     370
     382
     419
     377
     374
     400
     435
     435
     435
     449
     449
     461
     489
     490
     495
     518
     523
     521
     520
     528
     568
     571
     597
     579
     585
     620
     622
     651
     609
     680
     637
     640
     673
     671
     658
     691
     667
     680
     698
     698
     704
     725
     713
     752
     651
     634
     691
     743
     748
     668
     725
     674
     642
     641
     607
     623
     606
     607
     621
     559
     518
     563
     551
     539
     540
     528
     473
     487
     485
     486
     428
     452
     530
     523
     486
     519
     506
     523
     516
     555
     555
     575
     592
     620
     631
     679
     700
     723
     782
     748
     840
     921
     864
     913
     985
    1033
    1040
    1125
    1074
    1117
    1204
    1249
    1288
    1343
    1321
    1354
    1392
    1377
    1367
    1426
    1525
    1495
    1469
    1581
    1474
    1481
    1532
    1505
    1475
    1487
    1398
    1397
    1484
    1442
    1490
    1380
    1401
    1315
    1326
    1306
    1237
    1262
    1219
    1157
    1162
    1093
    1036
    1018
    1029
    1002
     944
     886
     828
     873
     864
     818
     784
     756
     690
     716
     654
     597
     632
     571
     582
     558
     548
     511
     518
     457
     379
     433
     409
     349
     370
     355
     340
     341
     358
     292
     295
     278
     286
     242
     260
     247
     222
     204
     216
     195
     200
     180
     173
     173
     166
     162
     156
     148
     113
     124
     120
     125
     108
     102
     108
      96
      83
      93
     101
      92
      73
      69
      69
      75
      68
      79
      64
      64
      58
      57
      67
      57
      50
      63
      60
      46
      49
      57
      51
      40
      46
      51
      54
      40
      40
      42
      35
      37
      50
      36
      55
      56
      36
      44
      37
      42
      41
      26
      51
      39
      35
      28
      35
      31
      20
      24
      25
      20
      22
      28
      22
      33
      27
      22
      30
      34
      23
      25
      20
      29
      17
      19
      28
      15
      17
      20
      11
      19
      15
      17
      20
      19
      15
      20
      12
      14
      13
      16
      18
      12
      13
       9
      15
      12
      20
      14
      15
      17
      22
      21
      19
       8
       8
      17
      13
      11
      12
      16
       8
      10
       9
      15
      14
      10
      11
      10
      16
      11
      10
      13
      15
       7
      13
      16
      16
       9
       6
      13
       5
      11
      14
      14
      16
       9
       8
      11
      15
      17
       7
      11
       8
       6
      20
      12
       8
      10
       7
       8
      12
       9
       8
       8
      12
       9
      14
      12
      11
      14
       6
       8
      10
      12
      14
       9
       4
       7
      11
      11
       7
      14
       7
       4
      10
      12
      12
       6
      10
       8
      14
       6
       9
       7
      14
      10
      10
       9
      13
       3
      14
      11
      10
      16
       6
       4
      10
       8
      12
       3
      13
      14
      14
      15
      10
       7
      10
       8
      10
       9
      15
       9
      16
      10
      11
      14
      16
       8
      12
       8
       6
       5
      10
      12
       9
       5
      10
      10
      13
      13
      16
      11
      19
      12
       6
       8
       4
      10
      10
       9
      10
       9
       8
       8
       6
      13
       8
      12
       9
       4
       9
       6
      10
      17
      12
      13
      13
       8
       8
      11
       9
      10
      10
       6
       7
       9
       7
       6
      13
       5
      11
      13
       8
       8
       6
       6
       5
       5
       7
      11
       8
       2
       7
      11
      10
       9
      10
       5
       8
       6
       5
       8
       7
       9
      10
       8
       7
       5
      11
       9
       9
       7
       5
       7
       9
       6
      11
       9
       7
       6
       7
      11
       7
       7
       5
       3
       8
      12
       5
       4
       8
       5
       9
       7
      10
       3
       6
       4
       6
       8
       6
       6
       9
       3
       4
       8
       9
       7
       9
       7
       7
      10
       8
       3
       5
      10
       7
       7
       7
       5
       7
       5
       7
       7
       5
      10
       7
       7
       6
       3
       7
      12
       6
      11
       6
       2
       4
       6
       6
       4
       7
      10
       5
       7
       5
       4
      10
       8
       5
       5
       6
       6
      10
       4
      11
       8
       4
       7
       4
       6
       9
       5
      10
       4
       1
       4
       5
       9
       3
       3
       6
       3
       5
       5
       9
       8
       3
       8
       3
       1
       9
      11
      10
       9
       5
       6
       1
       5
       5
       7
       3
       2
       8
       6
       6
       8
       4
       6
       4
       2
       7
       8
       2
       2
       8
       8
       8
       5
       6
      10
       9
       3
       5
       9
       3
       3
       6
       5
       6
       4
       8
      10
       5
       4
       1
       3
       4
       8
       2
       1
       6
       3
       9
       7
       2
       4
       5
       2
       7
      10
       9
       5
       3
       3
       4
       6
       4
       3
       1
       4
       1
       5
       3
       3
       6
       5
       6
       2
       3
       4
       4
       8
       7
       3
       3
       3
       3
       3
       6
       4
       3
       4
       2
       4
       2
       6
       7
       1
       5
       7
       8
       7
       7
       7
       3
       5
       3
       7
       5
       5
       3
       4
       4
       4
       5
       8
       5
       5
       5
       1
       6
       5
       3
       5
       2
       3
       7
       2
       4
       2
       2
       5
       7
       3
       5
       2
       2
       3
       5
       9
       6
       2
       4
       4
       8
       2
       3
       1
       8
       1
       3
       0
       3
       6
       6
       3
       3
       2
       2
       2
       1
       8
       8
       7
       7
       6
       6
       1
       4
       3
       5
       3
       5
       7
       5
       6
       3
       6
       5
       3
       8
       6
       5
       5
       7
       6
       4
       5
       2
       5
       6
       3
       1
       6
       8
       7
       5
       3
       3
       1
       7
       4
       4
       9
       4
       1
       7
       4
       4
       5
       2
       3
       3
       3
       6
       4
       5
       5
      10
       0
       8
       7
       3
       5
       3
       8
       5
       3
       5
       3
       5
       3
       4
       8
       5
       8
       0
       8
       5
       5
       4
       2
       3
       4
       2
       1
       4
       5
       9
       5
       6
       3
       5
       4
       3
       7
       4
       3
       4
       3
       3
       4
       6
       2
       6
       1
       4
       3
       2
       3
       5
       7
       2
       4
       9
       5
       4
       9
       3
       2
       2
       4
       3
       6
       5
       5
       6
       3
       4
       2
       6
       3
       3
       1
       1
       4
       2
       5
       2
       3
       5
       6
       4
       2
       3
       3
       1
       3
       2
       3
       4
       5
       2
       3
       4
       4
       4
       4
       5
       3
       4
       3
       2
       5
       1
       3
       6
       5
       2
       4
       4
       4
       3
       4
       3
       4
       3
       7
       2
       2
       4
       1
       2
       5
       3
       4
       3
       4
       3
       4
       6
       0
       2
       4
       3
       4
       2
       1
       4
       1
       3
       4
       1
       2
       4
       3
       2
       2
       3
       4
       0
       3
       2
       2
       3
       3
       2
       2
       0
       6
       7
       3
       4
       3
       2
       4
       4
       3
       6
       3
       5
       2
       0
       3
       4
       6
       1
       6
       4
       3
       2
       3
       5
       5
       3
       4
       3
       4
       6
       2
       3
       4
       2
       2
       4
       1
       3
       5
       1
       3
       5
       2
       3
       2
       2
       5
       1
       3
       5
       1
       4
       3
       5
       1
       6
       4
       1
       5
       4
       1
       2
       2
       2
       4
       3
       0
       6
       1
       4
       4
       1
       8
       4
       4
       6
       3
       4
       4
       2
       5
       5
       3
       7
       2
       1
       2
       7
       2
       3
       1
       3
       1
       3
       2
       3
       5
       5
       1
       5
       3
       3
       4
       4
       0
       3
       3
       2
       2
       4
       2
       3
       5
       4
       2
       5
       3
       1
       5
       3
       0
       3
       2
       7
       1
       1
       3
       0
       3
       1
       3
       2
       7
       3
       4
       3
       4
       0
       3
       1
       3
       0
       3
       3
       4
       0
       4
       2
       1
       5
       1
       3
       4
       4
       1
       3
       0
       3
       1
       0
       2
       4
       3
       2
       0
       0
       1
       2
       1
       4
       3
       3
       2
       3
       4
       6
       3
       2
       3
       3
       4
       0
       2
       2
       3
       2
       2
       3
       1
       2
       3
       5
       1
       2
       1
       3
       8
       3
       3
       3
       2
       3
       0
       2
       3
       3
       1
       2
       3
       0
       3
       1
       3
       4
       3
       2
       1
       4
       2
       4
       2
       3
       1
       1
       2
       6
       0
       1
       3
       1
       1
       3
       2
       1
       2
       5
       3
       0
       1
       4
       2
       3
       2
       2
       2
       1
       1
       0
       1
       4
       1
       3
       2
       2
       4
       4
       2
       4
       2
       3
       5
       4
       2
       2
       3
       3
       5
       2
       2
       3
       3
       3
       4
       2
       2
       1
       2
       2
       1
       0
       3
       1
       3
       4
       4
       1
       2
       2
       2
       2
       2
       2
       2
       3
       3
       0
       5
       1
       1
       2
       2
       2
       3
       3
       2
       2
       3
       2
       2
       1
       2
       0
       1
       1
       0
       3
       4
       5
       2
       0
       1
       2
       1
       2
       1
       3
       1
       3
       0
       1
       5
       2
       1
       1
       0
       0
       3
       1
       2
       4
       0
       4
       1
       2
       2
       0
       2
       1
       2
       2
       1
       1
       3
       1
       0
       0
       2
       0
       2
       6
       4
       5
       3
       1
       2
       4
       3
       0
       1
       2
       1
       0
       2
       2
       1
       3
       1
       1
       2
       1
       2
       1
       0
       2
       0
       4
       4
       4
       1
       1
       2
       2
       2
       2
       2
       0
       1
       1
       0
       1
       5
       0
       2
       0
       0
       1
       0
       1
       4
       0
       0
       2
       1
       3
       3
       1
       1
       2
       1
       2
       2
       2
       2
       2
       2
       1
       2
       1
       5
       3
       1
       2
       0
       2
       2
       2
       1
       0
       2
       2
       1
       1
       1
       3
       0
       3
       0
       2
       3
       2
       0
       1
       2
       2
       2
       2
       1
       1
       2
       3
       2
       2
       4
       1
       1
       0
       5
       4
       0
       1
       0
       2
       1
       5
       3
       4
       5
       1
       1
       1
       4
       1
       2
       8
       3
       2
       6
       2
       3
       2
       3
       2
       5
       2
       4
       2
       1
       5
       4
       2
       5
       4
       2
       2
       3
       2
       1
       2
       4
       1
       1
       3
       2
       2
       3
       3
       7
       1
       3
       3
       2
       1
       3
       2
       3
       2
       2
       5
       4
       0
       4
       3
       5
       4
       1
       4
       9
       0
       1
       3
       6
       1
       4
       1
       4
       0
       0
       4
       4
       3
       5
       3
       3
       2
       5
       3
       2
       1
       3
       3
       3
       3
       2
       1
       0
       2
       2
       5
       3
       5
       4
       3
       3
       3
       3
       4
       7
       4
       5
       4
       3
       1
       3
       5
       3
       2
       3
       5
       2
       0
       1
       1
       2
       2
       3
       3
       2
       1
       2
       3
       3
       2
       3
       0
       1
       2
       5
       0
       3
       2
       2
       4
       2
       2
       6
       3
       3
       6
       0
       0
       0
       2
       3
       1
       2
       2
       1
       0
       0
       2
       0
       1
       4
       2
       2
       3
       1
       3
       1
       3
       1
       1
       0
       3
       4
       1
       2
       5
       1
       0
       0
       1
       1
       1
       2
       2
       0
       2
       4
       2
       8
       6
       6
       5
       5
       5
       3
       2
       3
       6
       3
       6
       6
       6
       5
       4
       3
       6
      11
       4
       5
       4
       4
       4
       8
       6
       6
       6
       5
       5
       7
       3
       5
       4
       9
       5
       2
       0
       6
       3
       2
       4
       2
       2
$ROI:
1
756 943
$PRESETS:
Real Time
300
0
$ENER_FIT:
-35.580715 0.815979
$MCA_CAL:
3
-3.558072E+001 8.159789E-001 0.000000E+000 keV
$SHAPE_CAL:
3
1.180934E+002 -4.660690E-002 0.000000E+000
