$SPEC_ID:
40
$SPEC_REM:
DET# 1
DETDESC# OCL-MASSPEC MCB 337
AP# Maestro Version 7.01
$DATE_MEA:
10/15/2025 13:52:08
$MEAS_TIM:
295 300
$DATA:
0 2047
       0
       0
       0
       0
       0
       0
       0
       0
       0
       0
       0
       0
       0
       0
       0
       0
       0
       3
     100
     229
     227
     203
     205
     190
     210
     205
     192
     231
     242
     240
     208
     255
     219
     212
     251
     286
     271
     272
     327
     360
     432
     516
     667
     816
    1008
    1124
    1324
    1390
    1559
    1616
    1574
    1660
    1467
    1383
    1232
    1102
     933
     832
     679
     608
     522
     470
     406
     397
     348
     288
     317
     284
     310
     297
     287
     307
     262
     284
     289
     280
     298
     267
     299
     280
     299
     288
     336
     277
     284
     290
     290
     277
     311
     294
     281
     332
     309
     359
     379
     341
     355
     385
     390
     429
     429
     396
     448
     446
     453
     500
     554
     549
     594
     522
     577
     567
     570
     567
     549
     587
     544
     521
     489
     498
     508
     480
     496
     457
     433
     444
     490
     420
     441
     433
     388
     385
     411
     402
     353
     382
     356
     320
     375
     332
     356
     322
     325
     327
     349
     346
     336
     329
     346
     322
     310
     315
     346
     315
     327
     340
     335
     333
     326
     311
     325
     330
     312
     335
     315
     365
     337
     326
     348
     297
     350
     357
     311
     359
     302
     335
     359
     357
     340
     373
     364
     336
     309
     376
     344
     320
     340
     340
     330
     370
     357
     339
     358
     338
     330
     361
     338
     352
     314
     368
     348
     336
     327
     340
     352
     343
     318
     351
     368
     328
     336
     350
     336
     304
     369
     359
     345
     343
     358
     351
     343
     326
     342
     343
     329
     359
     347
     355
     313
     285
     338
     322
     369
     324
     362
     378
     392
     392
     342
     384
     313
     371
     399
     353
     370
     402
     370
     344
     398
     410
     394
     411
     411
     403
     369
     436
     394
     417
     407
     427
     403
     377
     426
     419
     430
     410
     415
     420
     417
     432
     401
     446
     434
     443
     442
     429
     454
     402
     443
     418
     426
     433
     425
     403
     411
     419
     445
     431
     392
     384
     392
     421
     441
     435
     381
     404
     381
     394
     393
     391
     390
     396
     431
     378
     379
     406
     387
     392
     403
     361
     372
     339
     363
     370
     358
     391
     365
     403
     367
     349
     358
     367
     366
     346
     378
     380
     337
     377
     382
     370
     337
     358
     340
     371
     356
     372
     375
     347
     392
     372
     330
     320
     334
     368
     338
     352
     349
     366
     340
     309
     320
     347
     340
     325
     289
     325
     339
     323
     329
     328
     360
     361
     367
     324
     338
     340
     332
     339
     327
     335
     343
     322
     313
     347
     335
     321
     328
     312
     349
     329
     321
     353
     352
     315
     307
     321
     334
     317
     308
     323
     302
     360
     317
     308
     311
     338
     327
     317
     316
     317
     323
     313
     291
     310
     346
     314
     312
     307
     325
     315
     338
     323
     306
     321
     317
     335
     265
     317
     324
     284
     332
     332
     288
     321
     300
     299
     275
     296
     278
     302
     303
     292
     319
     255
     312
     301
     294
     324
     288
     303
     324
     275
     313
     310
     286
     270
     299
     254
     325
     293
     310
     301
     291
     289
     290
     267
     305
     284
     294
     323
     288
     316
     294
     297
     300
     314
     288
     282
     286
     320
     308
     275
     293
     302
     290
     289
     308
     289
     263
     280
     294
     292
     325
     284
     305
     292
     301
     286
     265
     276
     318
     300
     284
     298
     310
     266
     308
     287
     296
     279
     303
     287
     287
     284
     286
     291
     277
     290
     298
     276
     261
     273
     286
     260
     294
     289
     266
     279
     283
     299
     291
     293
     244
     288
     287
     279
     279
     270
     298
     318
     262
     308
     297
     271
     291
     281
     291
     280
     294
     326
     282
     319
     288
     293
     279
     303
     293
     269
     290
     312
     317
     283
     294
     292
     299
     285
     300
     309
     304
     310
     313
     286
     276
     296
     292
     306
     281
     275
     286
     277
     290
     299
     298
     313
     275
     276
     312
     281
     299
     294
     310
     277
     281
     266
     326
     295
     281
     284
     276
     270
     247
     301
     274
     274
     265
     271
     291
     227
     254
     268
     237
     283
     242
     273
     253
     248
     242
     242
     218
     214
     232
     214
     247
     210
     252
     217
     190
     204
     200
     200
     195
     202
     208
     166
     190
     179
     183
     177
     171
     183
     145
     173
     161
     172
     155
     162
     123
     154
     132
     135
     141
     158
     150
     146
     144
     123
     127
     144
     134
     137
     134
     134
     126
     129
     113
     116
     103
     112
     103
     106
     131
     121
     124
      98
     104
     109
     107
     102
     112
      98
      93
      90
      96
      98
     102
     108
      86
      88
      96
      95
     113
     101
      85
     103
     104
     105
      82
      91
      96
      84
      74
      86
      81
      94
      61
      78
      78
      91
      88
      86
      72
      81
      71
      60
      89
      79
      75
      67
      88
      72
      81
      66
      78
      70
      79
      69
      71
      78
      85
      73
      69
      71
      67
      72
      71
      78
      72
      73
      66
      76
      69
      72
      68
      54
      59
      57
      76
      65
      67
      78
      62
      55
      56
      44
      63
      59
      69
      67
      66
      59
      63
      69
      72
      65
      55
      65
      57
      71
      54
      66
      54
      55
      57
      73
      67
      72
      58
      68
      57
      53
      78
      64
      69
      71
      67
      86
      52
      82
      74
      56
      79
      77
      81
      84
      76
      63
      73
      90
      96
     101
     100
      90
     120
     104
     128
      97
     109
      94
     104
     131
     130
     141
     166
     167
     170
     181
     198
     204
     214
     223
     243
     231
     253
     228
     261
     297
     293
     317
     343
     343
     357
     402
     366
     405
     414
     413
     458
     483
     464
     481
     514
     563
     551
     622
     554
     622
     663
     704
     695
     703
     736
     777
     760
     772
     783
     806
     815
     861
     904
     884
     871
     969
     968
     979
     934
    1022
     977
    1011
    1092
    1085
    1031
    1135
    1023
    1112
    1121
    1089
    1059
    1126
    1194
    1157
    1208
    1084
    1090
    1047
    1099
    1146
    1127
    1107
    1129
    1075
    1118
    1010
    1063
     989
    1028
    1080
    1033
     994
    1029
     928
     993
     965
     918
     912
     874
     857
     871
     775
     828
     755
     775
     739
     694
     699
     701
     706
     632
     615
     637
     585
     603
     560
     581
     498
     561
     520
     493
     465
     456
     466
     436
     419
     405
     393
     428
     364
     352
     399
     333
     333
     333
     309
     341
     289
     270
     256
     271
     245
     255
     255
     193
     204
     204
     201
     192
     193
     186
     172
     170
     156
     154
     169
     153
     204
     144
     143
     121
     125
     137
     127
     119
     126
     112
     122
     126
     114
      94
     113
      85
      95
      91
      90
      79
      95
     101
      80
      91
      77
      66
      73
      75
      68
      48
      80
      54
      74
      67
      51
      56
      65
      57
      48
      57
      55
      48
      51
      41
      51
      53
      49
      43
      31
      37
      29
      45
      44
      37
      39
      41
      51
      30
      38
      44
      29
      31
      32
      34
      21
      29
      32
      29
      31
      28
      28
      22
      25
      33
      34
      18
      13
      21
      17
      25
      20
      20
      17
      24
      26
      22
      23
      20
      16
      13
      18
      31
      18
      14
      21
      16
      20
      20
      10
      13
      15
       8
      12
      10
      15
      18
      13
      11
      23
      10
      11
      19
       8
      10
      13
       8
      14
      12
       7
      16
      10
       9
       5
       9
      10
      10
       8
       9
      10
       7
       4
      10
      14
       8
      10
      11
       8
       5
      10
       8
       9
      12
       5
       9
       6
       9
      12
       6
       5
       4
       7
      11
       6
       4
       8
       7
       3
       5
      11
       7
       6
      10
       4
       6
       5
       4
       8
       6
       8
       3
       8
       2
       6
       8
       5
       5
       9
       4
       4
       5
       2
       2
       4
       9
       4
       7
       3
       3
       5
       4
       3
      10
       2
       7
       5
       2
       3
       6
       4
       9
       5
       2
       4
      10
       3
       4
       4
       8
       8
       5
       6
       2
       5
       4
       3
       3
       7
       8
       6
       6
       7
       4
       8
       5
       3
      10
       0
       0
       3
       2
       7
       2
       6
       3
       4
       6
       5
       3
       7
       4
       5
       5
       8
       6
       5
       2
       6
       7
       3
       5
       7
       5
       4
       5
       6
       4
       5
       3
       9
       7
       5
      10
       2
       5
       6
       7
       8
       7
       1
       1
       4
       3
       3
       3
       6
       7
       7
       2
       6
       5
       2
       3
       5
       5
       1
       5
       2
       5
       3
       8
       3
       5
       7
       2
       6
       3
       3
       2
       4
       4
       7
       3
       4
       2
       8
       6
       3
       7
       4
       2
       1
       6
       4
       6
       6
       2
       6
       4
       8
       3
       7
       5
       1
       4
       1
       3
       5
       3
       5
       1
       6
       4
       5
       7
       5
       9
       7
       2
       2
       4
       8
       5
       3
       1
       8
       4
       5
       6
       3
       5
       6
       6
       5
       6
       2
       3
       2
       3
       3
       3
       9
       7
       2
       3
       2
       3
       8
       3
       3
       4
       4
       2
       1
       4
       3
       2
       3
       3
       3
       6
       2
       6
       3
       7
       3
       2
       2
       6
       7
       5
       4
       5
       7
       5
       4
       3
       4
       0
       4
       3
       1
       2
       5
       5
       1
       5
       1
       4
       3
       3
       1
       1
       3
       1
       3
       4
       4
       8
       7
       3
       1
       3
       7
      10
       3
       5
       2
       4
       2
       6
       5
       2
       5
       1
       1
       5
       2
      12
       3
       6
       3
       6
       2
       6
       2
       3
       5
       3
       1
       0
       8
       3
       3
       3
       3
       5
       2
       5
       0
       2
       7
       2
       4
       4
       4
       4
       5
       3
       1
       2
       7
       4
       4
       2
       3
       5
       1
       4
       4
       1
       5
       8
       6
       4
       7
       1
       0
       5
       2
       4
       1
       0
       4
       1
       2
       1
       3
       3
       4
       3
       0
       3
       3
       3
       2
       3
       7
       1
       2
       3
       2
       3
       2
       5
       1
       2
       3
       3
       2
       2
       2
       4
       3
       5
       8
       5
       3
       6
       3
       3
       1
      10
       4
       3
       3
       4
       4
       2
       5
       3
       5
       4
       5
       1
       4
       7
       3
       2
       4
       1
       1
       1
       4
       5
       0
       0
       0
       2
       3
       1
       3
       5
       0
       4
       2
       1
       3
       2
       5
       4
       5
       2
       0
       1
       2
       2
       2
       1
       3
       2
       4
       2
       2
       7
       1
       1
       1
       1
       1
       1
       2
       0
       1
       3
       2
       4
       4
       3
       0
       4
       2
       3
       3
       3
       5
       2
       2
       3
       4
       6
       3
       3
       2
       1
       3
       2
       5
       5
       2
       6
       1
       4
       2
       4
       2
       6
       1
       3
       0
       0
       1
       7
       2
       3
       3
       2
       3
       1
       0
       2
       0
       4
       5
       3
       1
       3
       2
       3
       5
       2
       0
       4
       0
       0
       0
       2
       0
       3
       1
       0
       4
       0
       1
       1
       0
       2
       1
       1
       0
       4
       4
       1
       1
       3
       0
       0
       1
       2
       1
       3
       2
       2
       1
       0
       3
       1
       2
       1
       2
       2
       2
       0
       2
       1
       8
       0
       1
       1
       2
       2
       2
       2
       2
       3
       5
       3
       3
       2
       1
       3
       3
       4
       3
       2
       1
       3
       0
       3
       2
       3
       2
       2
       5
       1
       0
       1
       3
       3
       2
       1
       0
       5
       0
       0
       3
       3
       1
       0
       3
       2
       0
       1
       2
       0
       2
       2
       2
       2
       6
       0
       0
       1
       0
       0
       2
       3
       1
       1
       0
       3
       1
       2
       1
       4
       2
       1
       0
       0
       1
       2
       2
       1
       0
       1
       1
       2
       0
       3
       2
       4
       2
       1
       1
       2
       1
       1
       1
       3
       2
       1
       3
       4
       0
       1
       3
       1
       0
       1
       0
       1
       0
       0
       3
       2
       1
       3
       0
       1
       3
       3
       0
       0
       2
       1
       3
       5
       1
       3
       3
       0
       2
       2
       1
       1
       1
       4
       1
       3
       0
       2
       2
       2
       0
       2
       3
       0
       2
       3
       2
       3
       2
       1
       0
       2
       1
       2
       0
       3
       2
       0
       5
       2
       3
       1
       2
       0
       4
       3
       4
       1
       3
       2
       4
       2
       6
       0
       2
       0
       2
       5
       1
       4
       2
       3
       3
       2
       2
       5
       2
       3
       5
       2
       3
       0
       4
       7
       5
       1
       3
       6
       5
       3
       4
       3
       4
       5
       2
       3
       4
       0
       1
       5
       2
       1
       2
       4
       3
       3
       6
       6
       5
       6
       4
       4
       5
       2
       1
       1
       9
       4
       3
       2
       2
       3
       3
       0
       0
       1
       4
       8
       4
       5
       3
       3
       4
       4
       5
       1
       4
       3
       4
       3
       3
       3
       2
       3
       3
       1
       1
       2
       1
       3
       0
       1
       2
       2
       1
       5
       2
       3
       7
       3
       4
       2
       2
       6
       4
       0
       4
       1
       2
       2
       2
       3
       1
       1
       4
       3
       2
       2
       2
       2
       3
       4
       1
       3
       1
       4
       1
       3
       2
       1
       0
       6
       3
       0
       2
       2
       2
       2
       1
       4
       0
       1
       2
       1
       1
       2
       1
       2
       2
       1
       1
       0
       3
       1
       1
       2
       2
       3
       1
       2
       2
       1
       0
       3
       2
       0
       2
       0
       2
       2
       2
       3
       2
       1
       1
       1
       2
       1
       0
       1
       2
       1
       3
       2
       0
       1
       3
       5
       7
       4
       3
       7
       2
       6
       4
      10
       6
       4
      10
       6
       4
       8
       5
       3
       4
       2
       2
       4
       4
       4
       7
       1
      11
       4
       5
       5
       3
       6
       0
       2
       3
       5
       8
       4
       7
       2
       6
       4
       2
       5
       7
       2
       1
$ROI:
1
756 943
$PRESETS:
Real Time
300
0
$ENER_FIT:
-35.580715 0.815979
$MCA_CAL:
3
-3.558072E+001 8.159789E-001 0.000000E+000 keV
$SHAPE_CAL:
3
1.180934E+002 -4.660690E-002 0.000000E+000
