$SPEC_ID:
40
$SPEC_REM:
DET# 1
DETDESC# OCL-MASSPEC MCB 337
AP# Maestro Version 7.01
$DATE_MEA:
10/15/2025 13:59:31
$MEAS_TIM:
297 300
$DATA:
0 2047
       0
       0
       0
       0
       0
       0
       0
       0
       0
       0
       0
       0
       0
       0
       0
       0
       0
       2
      63
     116
     102
     108
     121
     128
     107
     108
      96
     108
     117
     105
     110
     135
     120
     125
     130
     130
     143
     166
     163
     210
     239
     278
     321
     431
     473
     564
     645
     742
     775
     819
     796
     807
     750
     668
     600
     538
     465
     396
     339
     276
     284
     244
     235
     200
     202
     194
     201
     156
     166
     169
     184
     147
     166
     146
     162
     154
     148
     137
     169
     165
     173
     165
     169
     169
     167
     155
     164
     180
     182
     181
     170
     183
     200
     194
     227
     217
     196
     225
     208
     219
     240
     264
     276
     295
     290
     299
     335
     313
     340
     306
     336
     324
     333
     354
     326
     342
     334
     320
     294
     297
     300
     285
     309
     277
     262
     265
     284
     250
     258
     269
     236
     232
     262
     246
     252
     261
     218
     203
     235
     201
     241
     220
     214
     215
     212
     224
     210
     210
     212
     218
     202
     250
     209
     208
     212
     234
     240
     235
     228
     225
     230
     194
     225
     214
     215
     242
     231
     217
     204
     222
     226
     263
     228
     217
     240
     217
     231
     217
     195
     245
     223
     213
     213
     248
     223
     208
     224
     223
     211
     233
     250
     210
     214
     222
     212
     236
     220
     247
     238
     222
     238
     235
     205
     215
     207
     211
     228
     235
     229
     181
     215
     237
     245
     244
     215
     221
     211
     214
     206
     232
     221
     209
     193
     231
     217
     230
     217
     218
     215
     196
     228
     236
     218
     224
     216
     230
     220
     233
     215
     265
     236
     209
     243
     226
     242
     252
     234
     246
     253
     233
     238
     258
     244
     256
     259
     224
     225
     255
     251
     219
     263
     235
     251
     274
     269
     277
     262
     238
     245
     295
     249
     253
     251
     245
     251
     240
     256
     253
     264
     255
     269
     241
     242
     234
     249
     244
     252
     220
     225
     219
     235
     223
     237
     236
     224
     214
     249
     257
     234
     230
     183
     215
     227
     254
     207
     223
     203
     222
     209
     214
     207
     211
     227
     219
     214
     235
     208
     210
     214
     222
     189
     228
     198
     228
     214
     195
     229
     196
     193
     230
     210
     210
     215
     210
     196
     205
     199
     198
     186
     200
     210
     190
     197
     216
     205
     192
     215
     182
     173
     202
     182
     184
     188
     184
     171
     202
     189
     172
     203
     176
     202
     176
     206
     186
     176
     195
     186
     175
     178
     169
     168
     169
     166
     185
     205
     168
     194
     169
     159
     196
     175
     176
     190
     186
     164
     175
     165
     155
     186
     179
     181
     173
     164
     187
     187
     162
     180
     193
     187
     186
     198
     158
     185
     152
     188
     175
     157
     153
     163
     164
     153
     184
     197
     174
     178
     158
     145
     160
     158
     167
     173
     156
     172
     155
     168
     184
     159
     167
     134
     156
     166
     154
     154
     201
     181
     132
     161
     164
     159
     183
     145
     169
     159
     175
     175
     165
     161
     187
     180
     150
     171
     180
     164
     167
     147
     165
     164
     157
     175
     144
     171
     161
     143
     158
     158
     168
     154
     160
     172
     159
     164
     166
     153
     166
     146
     170
     161
     161
     162
     170
     143
     147
     170
     149
     159
     150
     190
     152
     176
     147
     174
     142
     167
     146
     150
     162
     168
     161
     161
     163
     143
     166
     159
     145
     179
     161
     171
     158
     160
     157
     158
     167
     166
     168
     159
     148
     150
     160
     137
     157
     139
     146
     171
     153
     144
     164
     153
     163
     134
     173
     147
     157
     135
     154
     140
     144
     155
     165
     160
     175
     153
     157
     151
     153
     150
     181
     142
     140
     140
     161
     140
     179
     164
     155
     166
     155
     160
     144
     138
     166
     154
     176
     141
     166
     154
     169
     165
     148
     165
     176
     156
     158
     175
     159
     166
     158
     171
     155
     145
     161
     151
     160
     165
     156
     177
     145
     153
     151
     155
     135
     152
     167
     154
     157
     154
     134
     137
     143
     138
     114
     140
     138
     145
     110
     132
     149
     140
     108
     123
     149
     125
     126
     115
     114
     104
     153
     121
      90
     127
     120
     111
     104
     100
     111
      91
     102
      84
      94
      92
      84
      89
      90
      98
      78
     103
     106
      86
      89
      75
      77
      95
      84
      84
      85
      83
      90
      98
      88
      79
      71
      79
      86
      61
      74
      73
      69
      71
      67
      73
      71
      65
      61
      74
      61
      80
      57
      62
      67
      50
      55
      67
      60
      50
      58
      54
      57
      55
      57
      73
      55
      61
      60
      37
      42
      74
      58
      71
      65
      66
      48
      51
      58
      47
      48
      46
      45
      59
      47
      50
      56
      48
      43
      58
      56
      56
      39
      49
      42
      47
      37
      56
      44
      44
      37
      38
      48
      45
      53
      45
      38
      35
      45
      54
      40
      41
      49
      49
      37
      53
      48
      38
      45
      34
      29
      52
      41
      37
      46
      44
      40
      27
      35
      45
      45
      40
      48
      39
      40
      46
      38
      29
      39
      42
      27
      55
      32
      37
      39
      45
      41
      40
      46
      39
      38
      44
      39
      36
      59
      46
      32
      37
      41
      35
      41
      43
      38
      44
      36
      35
      39
      55
      44
      52
      59
      47
      36
      40
      40
      42
      51
      51
      57
      57
      57
      59
      59
      49
      66
      57
      75
      65
      81
      75
      77
      75
      87
      84
     106
      89
     122
     108
     104
     130
     114
     136
     131
     137
     150
     161
     162
     181
     153
     167
     181
     201
     227
     214
     225
     220
     262
     267
     243
     274
     263
     269
     304
     343
     309
     349
     359
     358
     327
     364
     383
     405
     385
     403
     380
     425
     383
     426
     450
     431
     461
     480
     521
     471
     479
     492
     498
     511
     533
     522
     576
     527
     579
     531
     516
     527
     594
     568
     525
     541
     555
     542
     554
     569
     533
     544
     573
     535
     546
     579
     530
     511
     547
     561
     515
     508
     495
     468
     483
     490
     466
     435
     452
     416
     458
     420
     435
     399
     376
     381
     342
     424
     358
     330
     386
     344
     328
     335
     320
     306
     328
     269
     299
     264
     279
     282
     273
     257
     239
     222
     211
     211
     199
     209
     213
     207
     175
     189
     180
     153
     194
     168
     140
     146
     137
     117
     121
     120
     116
     132
     120
     105
     110
     114
     115
      92
      96
     109
      91
      78
      94
      81
      77
      89
      84
      73
      88
      59
      71
      64
      59
      64
      50
      50
      55
      63
      67
      63
      55
      50
      50
      56
      39
      41
      43
      47
      39
      35
      38
      43
      44
      35
      42
      44
      38
      29
      33
      27
      34
      38
      29
      26
      29
      32
      23
      36
      27
      30
      26
      30
      26
      18
      25
      27
      27
      21
      16
      18
      21
      29
      27
      25
      26
      20
      25
      29
      22
      17
      15
      19
      22
      13
      19
      15
      24
      14
      21
      18
       9
      17
       9
      16
      19
      15
      14
      12
      11
      12
      10
      18
      11
      16
      14
      13
      16
      13
       6
      14
      10
       9
      11
      14
      18
      12
       6
       9
      10
       9
       4
       6
      11
      12
       7
      10
       8
       8
       8
       6
       6
      12
       4
      11
       4
       8
       8
       9
       8
      10
       7
       4
      11
       3
       9
       5
       6
       5
       8
       6
       7
      10
      10
       9
       3
       2
       4
       6
       7
       6
       0
       3
       5
       6
       8
       3
       5
       5
       1
       5
       6
       2
       3
       2
       2
       4
       8
       6
       5
       4
       7
       2
       3
       4
       4
       4
       8
       4
       7
       9
       5
       3
       4
       3
       3
       4
       5
       8
       3
       5
       5
       3
       5
       4
       2
       2
       7
       5
       4
       1
       5
       7
       4
       2
       2
       5
       2
       3
       3
       5
       7
       6
       4
       6
       5
       7
       5
       2
       3
       3
       4
       1
       3
       4
       7
       7
       7
       5
      12
       0
       5
       4
       8
       1
       8
       7
       1
       4
       4
       2
       2
       3
       4
       6
       3
       2
       6
       8
       7
       1
       3
       4
       5
       3
       5
       6
       4
       4
       9
       2
       0
       4
       6
       7
       5
       3
       4
       5
       5
       3
       7
       4
       4
       4
       3
       2
       3
       1
       3
       7
       5
       3
       4
       3
       4
       5
       8
       3
       6
       2
       6
       2
       6
       3
       6
       5
       7
       4
       4
       2
       1
       7
       5
       3
       4
       3
      10
       3
       7
       4
       5
       2
       3
       5
       3
       6
       4
       2
       4
       3
       7
       6
       3
       6
       4
       5
       3
       4
       2
       5
       1
       5
       2
       2
       6
       6
       4
       4
       1
       1
       3
       3
       7
       3
       3
       2
       3
       5
       7
       1
       4
       5
       2
       4
       3
       4
       4
       7
       1
       6
       2
       2
       2
       2
       4
       8
       3
       5
       1
       5
       5
       2
       4
       2
       5
       5
       4
       4
       2
       1
       6
       7
       1
       5
       5
       5
       2
       5
       5
       1
       6
       7
       4
       3
       1
       2
       3
      10
       6
       2
       1
       1
       5
       4
       2
       3
       1
       4
       1
       2
       5
       2
       0
       4
       3
       1
       1
       3
       3
       1
       2
       5
       1
       6
       1
       5
       4
       2
       3
       4
       4
       4
       3
       2
       4
       3
       4
       2
       3
       1
       2
       4
       5
       2
       4
       2
       3
       5
       2
       4
       4
       3
       2
       3
       1
       1
       2
       3
       4
       2
       5
       3
       3
       3
       3
       2
       2
       4
       5
       4
       2
       3
       2
       6
       2
       3
       4
       3
       3
       4
       4
       4
       2
       2
       3
       2
       1
       4
       4
       1
       1
       2
       2
       3
       4
       5
       3
       0
       4
       4
       4
       1
       1
       3
       1
       7
       4
       5
       1
       3
       2
       4
       4
       3
       2
       5
       2
       6
       2
       4
       2
       2
       1
       5
       4
       2
       5
       4
       1
       2
       4
       5
       2
       2
       4
       3
       1
       2
       3
       5
       5
       6
       6
       2
       2
       1
       4
       5
       4
       1
       6
       3
       4
       7
       4
       1
       1
       0
       3
       5
       5
       3
       1
       3
       0
       1
       3
       2
       8
       3
       4
       0
       2
       1
       5
       4
       5
       5
       5
       3
       4
       2
       4
       6
       3
       3
       2
       2
       3
       1
       0
       3
       4
       1
       4
       1
       6
       2
       1
       1
       2
       2
       0
       2
       1
       2
       2
       0
       1
       1
       0
       2
       1
       3
       3
       1
       5
       2
       5
       2
       4
       2
       2
       2
       0
       2
       2
       2
       6
       3
       2
       5
       0
       5
       2
       4
       4
       2
       2
       5
       2
       2
       1
       3
       2
       2
       1
       4
       3
       3
       2
       1
       3
       0
       1
       2
       1
       4
       3
       3
       3
       1
       1
       4
       1
       0
       5
       1
       1
       3
       2
       1
       0
       4
       3
       2
       1
       3
       6
       1
       4
       1
       1
       1
       1
       1
       2
       2
       2
       3
       3
       4
       1
       1
       3
       1
       1
       2
       0
       0
       1
       1
       0
       2
       0
       2
       2
       1
       1
       3
       3
       4
       2
       0
       2
       1
       4
       4
       1
       1
       2
       1
       0
       2
       1
       3
       3
       0
       1
       3
       3
       1
       1
       3
       4
       3
       1
       3
       6
       0
       1
       2
       2
       2
       1
       3
       2
       4
       0
       3
       0
       0
       2
       1
       2
       0
       0
       3
       2
       0
       3
       1
       0
       3
       3
       1
       4
       1
       4
       1
       0
       0
       1
       1
       2
       2
       1
       3
       1
       0
       4
       4
       2
       2
       0
       1
       2
       0
       0
       2
       1
       2
       1
       1
       2
       2
       2
       1
       0
       3
       0
       1
       2
       1
       1
       0
       3
       2
       3
       0
       0
       1
       4
       1
       1
       4
       2
       3
       5
       1
       2
       1
       1
       4
       5
       2
       2
       3
       4
       0
       2
       1
       0
       1
       1
       2
       1
       2
       3
       2
       3
       6
       4
       0
       4
       2
       3
       3
       3
       4
       0
       0
       0
       4
       0
       3
       2
       3
       0
       1
       6
       4
       1
       3
       0
       5
       2
       1
       1
       4
       5
       3
       5
       4
       2
       2
       2
       4
       3
       4
       4
       3
       4
       1
       7
       2
       2
       1
       5
       3
       2
       2
       1
       1
       1
       5
       1
       3
       5
       3
       1
       3
       2
       3
       6
       4
       7
       2
       6
       5
       4
       5
       4
       5
       4
       1
       3
       5
       2
       3
       4
       0
       5
       6
       2
       3
       3
       3
       0
       5
       3
       5
       3
       4
       4
       1
       1
       8
       3
       4
       3
       2
       4
       6
       4
       2
       6
       3
       2
       5
       3
       2
       4
       1
       5
       0
       1
       1
       5
       3
       5
       3
       5
       2
       2
       3
       1
       1
       1
       2
       2
       2
       1
       2
       0
       5
       3
       2
       1
       2
       1
       2
       1
       2
       0
       0
       2
       2
       3
       2
       0
       0
       1
       1
       1
       3
       2
       2
       2
       2
       3
       3
       3
       3
       2
       1
       0
       1
       2
       2
       2
       1
       2
       1
       3
       1
       2
       1
       2
       2
       1
       1
       2
       3
       2
       6
       3
       2
       1
       0
       1
       1
       1
       1
       0
       2
       4
       2
       3
       3
       3
       1
       0
       2
       2
       2
       1
       0
       2
       1
       1
       9
      12
       7
       4
       4
       3
       7
       9
       4
       2
       5
       4
       3
       3
       5
       3
       4
       3
       5
       4
       6
       4
       5
       4
       3
       0
       7
      10
       6
       2
       5
       3
       2
       8
       2
       6
       4
       4
       2
       1
       1
       3
       5
       6
       1
       4
$ROI:
1
756 943
$PRESETS:
Real Time
300
0
$ENER_FIT:
-35.580715 0.815979
$MCA_CAL:
3
-3.558072E+001 8.159789E-001 0.000000E+000 keV
$SHAPE_CAL:
3
1.180934E+002 -4.660690E-002 0.000000E+000
