$SPEC_ID:
40
$SPEC_REM:
DET# 1
DETDESC# OCL-MASSPEC MCB 337
AP# Maestro Version 7.01
$DATE_MEA:
10/15/2025 14:06:23
$MEAS_TIM:
298 300
$DATA:
0 2047
       0
       0
       0
       0
       0
       0
       0
       0
       0
       0
       0
       0
       0
       0
       0
       0
       0
       0
      37
     101
      74
      69
      82
      89
      91
      61
      73
      74
      94
      91
      81
      84
     104
     102
      75
     113
      86
      88
     115
     140
     148
     176
     210
     230
     305
     332
     371
     457
     483
     512
     520
     479
     484
     439
     386
     323
     314
     260
     218
     207
     165
     178
     136
     153
     144
     138
     110
     136
     129
     112
     124
     109
     104
     133
     122
     127
     105
     124
     109
     114
     114
     102
     129
     136
     125
     120
     113
     137
     115
     143
     136
     134
     135
     149
     144
     141
     135
     141
     152
     145
     202
     175
     193
     198
     200
     216
     227
     244
     238
     234
     227
     261
     250
     239
     227
     235
     255
     236
     243
     205
     222
     237
     206
     204
     226
     228
     208
     183
     205
     194
     191
     190
     206
     207
     210
     191
     192
     184
     195
     159
     181
     191
     168
     167
     173
     168
     187
     174
     166
     194
     163
     171
     180
     176
     194
     179
     170
     187
     162
     179
     192
     170
     152
     160
     183
     184
     180
     176
     179
     191
     190
     181
     187
     166
     173
     176
     173
     167
     184
     164
     179
     199
     170
     164
     176
     170
     220
     169
     205
     206
     190
     176
     181
     184
     168
     182
     174
     180
     171
     174
     174
     177
     196
     185
     177
     179
     176
     168
     157
     157
     202
     166
     160
     161
     165
     160
     192
     168
     153
     181
     152
     168
     169
     193
     174
     184
     186
     169
     164
     171
     166
     157
     171
     185
     161
     155
     191
     155
     186
     167
     197
     183
     157
     175
     203
     192
     187
     180
     188
     200
     181
     170
     208
     199
     179
     185
     209
     169
     181
     192
     208
     175
     203
     167
     224
     213
     195
     196
     209
     216
     181
     180
     191
     183
     189
     184
     175
     187
     180
     172
     177
     164
     162
     179
     175
     174
     204
     186
     160
     167
     185
     188
     185
     169
     152
     172
     189
     158
     150
     152
     145
     166
     187
     171
     143
     173
     162
     171
     172
     145
     159
     163
     171
     181
     160
     157
     168
     170
     170
     146
     149
     151
     136
     150
     161
     151
     160
     156
     140
     148
     164
     147
     147
     144
     153
     165
     146
     140
     145
     153
     131
     131
     152
     135
     128
     157
     132
     165
     132
     133
     139
     142
     137
     129
     142
     137
     134
     148
     149
     132
     132
     145
     126
     125
     144
     140
     127
     134
     141
     114
     112
     130
     133
     141
     135
     137
     130
     131
     115
     107
     117
     128
     116
     115
     133
     110
     109
     128
     120
     120
     123
     119
     120
     125
     124
     132
     135
     124
     126
     126
     114
     129
     125
     116
     112
     106
     143
     112
     117
     118
     107
     110
     122
     116
     114
     112
     119
     113
     135
     124
     116
     112
     124
     121
     109
     128
     123
     102
     100
     109
     122
     125
     119
     112
     114
     107
     131
     120
     119
     138
     125
     112
     128
     144
      99
     111
     119
     143
      98
     125
     104
     128
     104
     104
     102
     102
     112
     109
      97
     113
     118
     129
     109
     112
     114
     103
     110
     125
     100
     101
     111
     116
     119
     104
     104
      99
     125
     131
     104
     116
      95
     101
     101
     130
     117
     105
      98
     100
      94
     113
     111
      81
     106
     131
      95
     112
     102
     108
     119
      90
     111
     115
     113
     120
      97
     110
      96
     111
     108
     115
      92
     120
      96
     113
     125
     114
      93
      93
      89
     109
     114
     119
      98
     115
      96
     111
     115
      85
     104
     105
     108
     108
     103
     107
     113
     108
     105
      96
      93
     106
      99
     103
     119
     104
      94
     113
      94
     115
     101
      89
     107
      96
     114
     106
     118
     106
     133
      98
     107
     112
     105
     117
     100
     100
      96
     112
     102
     112
     114
     110
     105
     118
     116
     120
      95
     100
     113
      99
     104
      95
     120
     108
      99
     102
     111
     109
     108
     115
      99
     103
     100
      76
     116
      86
      97
      80
     109
      95
     100
      79
      93
     100
     100
     104
      93
      91
      88
      93
      75
      83
      76
      89
      97
     104
      71
      77
      74
      78
      79
      74
      79
      83
      71
      60
      66
      78
      72
      62
      66
      59
      73
      53
      64
      65
      64
      59
      57
      61
      47
      59
      67
      52
      57
      61
      57
      57
      57
      45
      48
      63
      52
      30
      50
      39
      62
      53
      43
      58
      45
      46
      52
      49
      46
      33
      44
      42
      39
      50
      41
      38
      45
      50
      41
      46
      44
      35
      32
      58
      35
      44
      44
      38
      46
      41
      34
      38
      32
      48
      36
      32
      45
      41
      37
      42
      46
      34
      33
      28
      34
      42
      34
      36
      30
      39
      32
      43
      41
      30
      27
      35
      41
      35
      41
      21
      30
      32
      39
      35
      39
      40
      33
      33
      31
      32
      25
      25
      29
      39
      29
      22
      42
      29
      31
      27
      27
      30
      26
      34
      28
      19
      33
      40
      24
      23
      35
      33
      29
      25
      33
      22
      29
      24
      41
      32
      26
      32
      24
      39
      30
      34
      30
      32
      27
      20
      18
      28
      30
      36
      32
      28
      30
      32
      25
      25
      35
      26
      28
      36
      30
      39
      33
      33
      30
      33
      27
      33
      33
      34
      36
      31
      32
      31
      32
      32
      37
      46
      44
      37
      29
      57
      50
      48
      60
      54
      45
      53
      64
      56
      63
      73
      49
      63
      72
      62
      73
      71
      84
     110
      87
     118
      90
     107
     128
     105
     133
     119
     120
     137
     125
     130
     139
     155
     156
     181
     181
     176
     169
     193
     194
     216
     242
     215
     256
     205
     245
     247
     247
     251
     282
     261
     294
     269
     290
     288
     293
     304
     327
     309
     283
     326
     345
     332
     304
     349
     306
     335
     359
     349
     317
     350
     388
     333
     343
     347
     353
     348
     333
     316
     347
     339
     347
     331
     340
     345
     332
     314
     342
     340
     332
     342
     308
     333
     290
     305
     266
     285
     267
     295
     262
     257
     262
     227
     276
     254
     236
     206
     235
     220
     215
     226
     199
     179
     211
     184
     191
     193
     177
     180
     175
     150
     152
     159
     143
     152
     129
     148
     137
     114
     127
     133
     120
     105
     120
     103
      95
      98
     104
      90
     111
      96
      92
      95
      76
      94
      69
      78
      75
      77
      71
      64
      54
      72
      73
      52
      53
      52
      51
      47
      46
      50
      53
      47
      52
      43
      39
      38
      33
      51
      29
      39
      35
      42
      24
      45
      29
      27
      37
      33
      37
      29
      26
      18
      35
      23
      31
      34
      38
      25
      23
      20
      26
      22
      26
      23
      23
      20
      23
      25
      16
      22
      15
      17
      21
      25
      22
      14
      14
      10
      13
      18
      11
      22
      11
      20
      13
      21
      10
      24
      12
      20
      17
      13
      10
      17
       4
      10
      18
      13
       9
      17
       9
       5
      16
      15
      14
      14
      11
      10
      17
       8
       8
      10
       8
      14
      16
       8
      15
       7
       7
      10
      16
       4
      10
       8
      10
       7
      11
       5
       4
       6
       6
       8
       2
       3
       7
       8
       7
      12
       7
       9
      12
       7
       7
       7
       5
       5
       8
       6
      10
       5
       4
       4
       8
       7
       6
       3
       3
       3
       4
       7
       4
       3
       8
       5
       5
       8
      10
       3
       3
      10
       4
       3
       6
       6
       6
       5
       6
      10
       3
       4
       5
       8
       7
       3
       5
       4
       4
       3
       7
       5
       1
       6
       4
      10
       1
       5
       5
       6
       4
       7
       2
       2
       7
       4
       5
       6
       8
       3
       6
       4
       2
       6
       5
       9
       4
       1
       7
       4
       5
       5
       3
       5
       3
       2
       5
       7
       3
      12
       3
       4
       5
       6
       5
       2
       1
       3
       2
       5
       5
       6
       5
       4
       6
       4
       6
       9
       5
       6
       7
       4
       4
       2
       1
       5
       2
       3
       7
       6
       4
       2
       6
       3
       8
       3
       1
       2
       4
       2
       2
       2
       2
       5
       6
       3
       6
       4
       4
       2
       3
       5
       7
       5
       2
       4
       5
       2
       6
       4
       3
       0
       2
       4
       2
       3
       5
       1
       6
       3
       4
       5
       7
       6
       8
       4
       1
       5
       4
       7
       4
       3
       7
       6
       2
       4
       5
       4
       6
       7
      12
       1
       3
       7
       2
       2
       4
       3
       4
       3
       1
       2
       4
       6
       5
       4
       2
       2
       5
       3
       0
       6
       8
       9
       2
       6
       4
       3
       4
       6
       4
       5
       6
       4
       2
       3
       2
       5
       6
       4
       4
       4
       3
       4
       4
       3
       4
       3
       4
       6
       5
       3
       4
       2
       3
       3
      10
       3
       3
       3
       5
      10
       3
       5
       3
       3
       8
       5
       3
       3
       5
       5
       3
       4
       5
       7
       3
       3
       5
       5
       4
       2
       2
       2
       3
       3
       1
       4
       5
       4
       2
       6
       3
       2
       1
       2
       1
       2
       1
       2
       7
       8
       4
       4
       5
       3
       3
       1
       4
       2
       4
       1
       5
       5
       5
       2
       1
       2
       2
       0
       4
       7
       4
       2
       3
       2
       3
       7
       3
       2
       4
       4
       5
       2
       2
       5
       5
       5
       5
       4
       6
       3
       3
       0
       1
       3
       5
       5
       4
       2
       3
       3
       2
       2
       5
       5
       1
       4
       2
       2
       3
       4
       4
       7
       6
       5
       6
       1
       3
       3
       3
       2
       4
       2
       0
       1
       0
       2
       5
       3
       4
       4
       6
       3
       1
       6
       0
       3
       2
       3
       8
       3
       2
       7
       4
       5
       5
       1
       2
       6
       4
       5
       2
       1
       5
       3
       3
       4
       1
       3
       4
       3
       0
       5
       2
       2
       3
       2
       3
       4
       2
       3
       1
       3
       5
       1
       3
       5
       4
       3
       3
       5
       1
       4
       4
       6
       5
      10
       6
       2
       1
       3
       6
       4
       3
       5
       1
       2
       3
       2
       1
       2
       4
       3
       2
       3
       6
       2
       3
       3
       4
       3
       2
       3
       3
       1
       4
       2
       1
       1
       2
       5
       1
       5
       1
       1
       1
       1
       1
       1
       3
       2
       1
       8
       3
       2
       2
       1
       3
       1
       4
       3
       3
       6
       1
       2
       3
       4
       3
       3
       1
       3
       2
       4
       2
       4
       1
       1
       1
       3
       2
       1
       1
       5
       3
       3
       1
       3
       1
       5
       2
       3
       2
       2
       1
       2
       3
       1
       1
       3
       5
       4
       1
       2
       3
       3
       1
       5
       3
       2
       1
       2
       4
       2
       3
       3
       4
       4
       2
       3
       5
       0
       1
      10
       3
       3
       2
       3
       5
       7
       3
       2
       2
       3
       1
       3
       1
       4
       4
       1
       2
       1
       2
       1
       1
       2
       1
       1
       1
       1
       2
       4
       1
       1
       4
       0
       2
       2
       2
       1
       1
       2
       1
       2
       1
       1
       3
       3
       2
       6
       3
       1
       4
       2
       3
       2
       1
       2
       2
       1
       1
       0
       0
       3
       7
       1
       2
       1
       1
       3
       0
       4
       1
       0
       1
       1
       0
       4
       1
       2
       2
       3
       3
       1
       2
       2
       0
       2
       1
       2
       1
       1
       1
       2
       3
       0
       1
       3
       5
       0
       4
       0
       2
       0
       1
       0
       0
       2
       3
       4
       0
       2
       3
       2
       2
       3
       2
       0
       1
       0
       2
       3
       1
       0
       0
       3
       1
       1
       3
       3
       3
       0
       2
       1
       3
       0
       1
       1
       0
       0
       1
       0
       1
       4
       1
       1
       1
       3
       1
       0
       2
       3
       1
       3
       0
       2
       3
       1
       0
       2
       1
       0
       0
       1
       3
       1
       2
       0
       3
       1
       0
       2
       1
       2
       2
       0
       3
       1
       3
       0
       2
       1
       0
       3
       2
       1
       2
       3
       4
       3
       2
       1
       3
       4
       0
       2
       7
       2
       2
       4
       0
       1
       0
       1
       2
       3
       2
       5
       2
       3
       0
       2
       3
       2
       0
       2
       3
       0
       2
       3
       4
       5
       2
       2
       2
       1
       2
       1
       2
       4
       4
       1
       2
       0
       0
       2
       2
       7
       3
       5
       3
       1
       2
       4
       2
       3
       1
       1
       2
       4
       8
       2
       0
       4
       3
       4
       5
       2
       4
       2
       2
       9
       4
       2
       2
       3
       1
       4
       3
       2
       1
       5
       4
       5
       2
       0
       3
       4
       5
       2
       4
       2
       6
       6
       4
       4
       3
       5
       2
       5
       3
       5
       3
       3
       6
       3
       2
       7
       5
       1
       3
       2
       4
       5
       6
       3
       4
       5
       2
       2
       4
       2
       5
       1
       0
       1
       0
       5
       1
       1
       3
       3
       2
       6
       1
       4
       5
       3
       3
       4
       0
       2
       2
       1
       0
       5
       1
       1
       1
       2
       5
       0
       4
       1
       3
       0
       1
       2
       4
       4
       0
       3
       3
       0
       1
       2
       2
       1
       3
       1
       2
       0
       1
       0
       1
       1
       4
       1
       0
       3
       0
       0
       0
       0
       1
       4
       3
       1
       0
       1
       2
       2
       2
       0
       2
       1
       1
       0
       0
       2
       1
       0
       1
       2
       4
       2
       0
       1
       0
       1
       3
       0
       2
       0
       3
       6
       9
       5
      10
       5
       3
       6
       7
       3
       7
       3
       2
       1
       5
       4
       4
       7
       9
       4
       8
       7
       6
       6
       3
       7
       6
       4
       3
       2
       4
       3
       5
       5
       2
       5
       6
       8
       2
       3
       5
       6
       7
       2
       2
       2
$ROI:
1
756 943
$PRESETS:
Real Time
300
0
$ENER_FIT:
-35.580715 0.815979
$MCA_CAL:
3
-3.558072E+001 8.159789E-001 0.000000E+000 keV
$SHAPE_CAL:
3
1.180934E+002 -4.660690E-002 0.000000E+000
