$SPEC_ID:
40
$SPEC_REM:
DET# 1
DETDESC# OCL-MASSPEC MCB 337
AP# Maestro Version 7.01
$DATE_MEA:
10/15/2025 13:41:34
$MEAS_TIM:
289 300
$DATA:
0 2047
       0
       0
       0
       0
       0
       0
       0
       0
       0
       0
       0
       0
       0
       0
       0
       0
       0
       2
     215
     427
     439
     444
     485
     451
     453
     485
     493
     506
     483
     511
     472
     453
     471
     503
     492
     542
     527
     664
     747
     808
     994
    1223
    1506
    1937
    2272
    2683
    2996
    3470
    3654
    3783
    3825
    3589
    3533
    3309
    2773
    2482
    2125
    1724
    1602
    1305
    1090
    1010
     809
     752
     788
     734
     651
     654
     623
     598
     639
     591
     648
     624
     607
     570
     579
     601
     613
     578
     551
     593
     608
     576
     581
     584
     592
     630
     622
     641
     609
     616
     644
     645
     653
     663
     678
     714
     765
     829
     819
     898
     925
     897
    1006
     966
    1100
    1070
    1125
    1115
    1129
    1103
    1160
    1055
    1130
    1104
    1061
    1031
    1026
    1005
     922
    1014
     962
     952
     943
     915
     830
     830
     845
     791
     850
     726
     737
     727
     758
     710
     655
     699
     690
     665
     640
     634
     663
     589
     674
     628
     587
     647
     639
     608
     653
     608
     617
     616
     624
     608
     585
     618
     645
     625
     624
     599
     602
     590
     631
     604
     624
     657
     583
     620
     612
     645
     620
     641
     607
     588
     664
     639
     650
     666
     654
     608
     640
     629
     602
     623
     619
     614
     654
     644
     615
     645
     645
     635
     644
     642
     585
     643
     676
     632
     628
     639
     593
     652
     622
     649
     649
     633
     624
     613
     607
     654
     618
     654
     637
     620
     638
     625
     627
     643
     660
     600
     598
     623
     667
     675
     638
     619
     661
     614
     637
     627
     708
     638
     692
     645
     652
     671
     665
     661
     656
     711
     651
     701
     691
     721
     749
     766
     741
     747
     721
     790
     768
     823
     783
     801
     810
     822
     787
     775
     772
     824
     858
     824
     814
     802
     811
     869
     840
     853
     801
     845
     860
     824
     889
     832
     802
     845
     833
     851
     811
     809
     772
     866
     777
     810
     826
     770
     838
     856
     868
     780
     833
     825
     774
     802
     804
     766
     791
     817
     811
     751
     795
     751
     779
     764
     773
     762
     814
     800
     741
     766
     788
     778
     758
     753
     762
     793
     765
     767
     741
     772
     718
     713
     755
     744
     740
     704
     744
     719
     758
     751
     798
     707
     728
     717
     696
     696
     746
     700
     747
     704
     700
     696
     705
     688
     736
     733
     689
     682
     673
     693
     701
     740
     688
     706
     726
     662
     696
     664
     674
     675
     645
     703
     682
     665
     651
     625
     692
     680
     653
     646
     680
     661
     698
     686
     642
     709
     675
     661
     669
     675
     625
     678
     691
     669
     627
     672
     598
     641
     642
     594
     698
     618
     623
     604
     715
     643
     643
     647
     662
     629
     652
     630
     599
     680
     620
     616
     617
     632
     673
     626
     663
     640
     634
     601
     658
     657
     630
     593
     658
     624
     645
     644
     628
     633
     608
     631
     659
     634
     623
     659
     620
     635
     624
     570
     628
     591
     627
     583
     597
     602
     602
     640
     631
     618
     590
     596
     622
     605
     621
     613
     631
     647
     634
     629
     626
     621
     617
     626
     600
     652
     584
     549
     577
     586
     653
     637
     586
     664
     595
     595
     595
     576
     597
     625
     558
     614
     623
     612
     576
     597
     601
     605
     597
     561
     622
     608
     640
     587
     621
     620
     589
     597
     571
     616
     597
     601
     589
     632
     614
     604
     599
     574
     619
     601
     573
     589
     605
     611
     651
     602
     604
     596
     631
     606
     622
     611
     622
     613
     605
     582
     613
     649
     601
     622
     612
     595
     609
     624
     594
     663
     630
     595
     613
     680
     666
     603
     607
     645
     609
     623
     675
     600
     638
     629
     623
     636
     642
     657
     614
     668
     648
     637
     637
     606
     664
     688
     638
     644
     649
     681
     631
     600
     646
     652
     589
     638
     640
     630
     675
     657
     652
     643
     627
     629
     658
     598
     604
     604
     646
     628
     637
     625
     606
     595
     598
     628
     625
     601
     587
     535
     577
     573
     559
     539
     567
     538
     597
     570
     516
     552
     541
     521
     514
     476
     496
     454
     479
     496
     477
     486
     478
     431
     454
     409
     413
     419
     414
     394
     367
     378
     395
     395
     371
     354
     393
     346
     372
     333
     350
     323
     294
     316
     297
     307
     300
     291
     279
     315
     284
     265
     297
     289
     232
     281
     286
     260
     246
     267
     265
     239
     249
     207
     234
     234
     250
     212
     246
     236
     221
     225
     219
     234
     211
     189
     206
     194
     193
     213
     208
     193
     185
     186
     173
     205
     212
     168
     174
     177
     189
     170
     166
     183
     168
     181
     153
     180
     189
     182
     166
     156
     161
     136
     144
     150
     143
     159
     137
     145
     153
     150
     143
     158
     151
     147
     132
     145
     117
     148
     127
     149
     139
     143
     137
     132
     138
     126
     154
     116
     131
     133
     125
     116
     134
     124
     146
     127
     118
     109
     126
     117
     133
     114
     138
     123
     124
     109
     153
     140
     125
     125
     136
     118
     110
     131
     127
     116
     140
     140
     100
     121
     121
     146
     108
     138
     117
     112
     117
     131
     118
     122
     135
     114
     135
     124
     114
     117
     120
     148
     140
     131
     124
     126
     140
     142
     126
     143
     140
     160
     137
     158
     170
     156
     192
     178
     181
     183
     217
     222
     201
     240
     259
     236
     285
     299
     303
     307
     318
     329
     393
     370
     388
     414
     444
     426
     457
     551
     497
     568
     618
     608
     681
     664
     706
     723
     781
     739
     867
     987
     898
     957
     957
    1079
    1125
    1102
    1165
    1235
    1334
    1272
    1420
    1397
    1456
    1478
    1595
    1604
    1705
    1704
    1834
    1831
    1842
    1969
    1919
    1996
    1967
    2022
    2043
    2234
    2146
    2217
    2307
    2255
    2353
    2374
    2483
    2436
    2517
    2484
    2508
    2501
    2632
    2501
    2610
    2538
    2491
    2544
    2560
    2488
    2538
    2616
    2537
    2537
    2530
    2457
    2558
    2452
    2529
    2502
    2474
    2347
    2313
    2389
    2291
    2309
    2306
    2200
    2146
    2156
    2099
    2002
    1917
    1960
    1935
    1859
    1768
    1811
    1794
    1712
    1640
    1658
    1564
    1516
    1492
    1486
    1418
    1361
    1328
    1297
    1269
    1191
    1167
    1127
    1109
    1034
    1036
     995
     933
     870
     863
     857
     871
     804
     738
     721
     737
     753
     679
     613
     646
     647
     606
     537
     591
     521
     510
     490
     476
     479
     473
     425
     403
     412
     383
     374
     360
     344
     372
     346
     339
     314
     303
     290
     275
     280
     275
     266
     276
     255
     271
     225
     218
     221
     194
     220
     203
     160
     189
     184
     145
     168
     178
     151
     154
     141
     160
     139
     143
     123
     113
     109
     121
     126
     123
     103
     112
      97
     104
     139
     112
      93
      84
      89
      88
     104
      72
      76
      74
      73
      84
      94
      82
      67
      61
      79
      66
      93
      60
      69
      66
      51
      53
      57
      65
      58
      59
      65
      56
      39
      42
      53
      54
      59
      45
      41
      48
      48
      45
      47
      51
      45
      42
      46
      35
      49
      36
      36
      33
      33
      38
      35
      30
      31
      41
      29
      38
      32
      27
      27
      24
      25
      30
      25
      26
      17
      34
      16
      25
      31
      23
      23
      21
      24
      22
      22
      25
      18
      19
       9
      14
      21
      16
      13
      18
      18
      22
      14
      15
      18
      16
      20
      17
      15
      15
      20
       9
      13
       6
      15
       7
      13
       9
      12
      12
       7
      10
       7
       9
      11
      10
       8
      12
      14
      11
       7
      13
       5
      10
       9
      15
       9
       6
      15
       9
      15
       3
       7
       8
       2
       5
      18
      12
       8
       7
       9
      13
      12
       8
       8
       6
      15
       6
       7
       9
      11
      14
       6
       6
       7
       8
       1
       9
       6
       6
       7
       4
       9
       6
       9
      10
       5
       8
      11
       7
       8
      12
       8
      10
       9
       5
       5
       6
       7
       5
       7
       6
       3
      10
       8
      10
       4
       5
       5
       7
      11
       5
       8
       9
       5
       3
       7
       6
       5
      11
       7
       5
       1
       5
       9
       4
       9
       6
       8
       3
       6
       8
      10
       8
       2
       9
      12
       4
       5
       5
       4
       8
       7
       4
       5
       7
      10
       7
       9
       3
      10
      11
       5
       8
       4
      11
       4
      12
       8
       7
       6
       6
       4
       6
       9
       6
       6
       3
       6
      10
       6
      13
       7
       9
       6
       4
       9
       4
      11
       6
       5
       2
       7
      10
       5
      10
      10
       7
       6
       7
       7
       6
       3
       8
       6
      10
       5
       9
       5
       7
       8
       6
       7
       6
       7
       7
       9
       5
       7
       4
       9
       4
       8
      11
       5
       4
       2
       3
       7
       3
       6
       7
       6
       3
       8
       8
       8
       3
       9
       9
       3
       5
       2
       8
       8
       3
       5
       5
       9
       3
       3
       2
       1
       7
       9
       7
       4
       7
       4
       6
       4
       4
       7
       8
       8
       3
       5
       4
       7
       5
       6
      13
       7
       7
       7
       5
       6
       4
       7
       5
       9
       5
       3
       6
      12
       6
       6
       2
       5
       5
       4
       8
       7
       4
       4
       7
       4
       4
       5
       1
       2
       8
       8
       5
       4
       4
       4
       4
       4
      10
       4
       3
       2
       6
       4
       2
       5
       4
       6
       5
       7
       4
       7
       4
       3
       7
       2
       6
       7
       0
       4
       5
       4
       4
       6
       2
       4
       5
       7
       2
       3
       3
       3
       4
       6
       6
       5
       6
       5
       6
       9
       2
       4
       4
       5
       3
       3
       8
       7
       5
       4
       4
       2
       4
       4
       4
       3
       6
       5
       6
       6
       3
       5
       3
       3
       3
       3
       3
       4
       3
       4
       1
       8
       4
       2
       3
       2
       8
       7
       1
       4
       9
       6
       3
       6
       9
       8
       5
       5
       4
       2
       1
       3
       4
       6
       2
       4
       3
       4
       6
       5
       3
       1
       0
       2
       5
       3
       3
       5
       5
       6
       0
       4
       2
       6
       3
       5
       5
       6
       6
       2
       2
       4
       6
       5
       4
       4
       4
       3
       2
       2
       2
       4
       2
       1
       1
       4
       0
       3
       3
       5
       2
       3
       7
       3
       5
       4
       3
       2
       1
       1
       3
       7
       6
       3
       2
       3
       6
       5
       2
       3
       3
       2
       2
       2
       4
       1
       6
       5
       7
       1
       6
       1
       2
       4
       5
       2
       3
       3
       1
       4
       2
       2
       3
       6
       2
       5
       4
       2
       3
       4
       2
       5
       3
       3
       5
       5
       2
       4
       4
       3
       4
       3
       6
       1
       2
       5
       3
       0
       4
       3
       2
       3
       1
       2
       2
       2
       4
       4
       1
       1
       2
       3
       3
       1
       4
       1
       2
       1
       3
       1
       2
       2
       4
       2
       1
       2
       2
       4
       2
       2
       3
       3
       5
       4
       1
       2
       3
       4
       1
       1
       1
       4
       4
       5
       1
       3
       2
       4
       4
       1
       2
       3
       2
       2
       3
       3
       1
       5
       1
       3
       1
       1
       1
       3
       2
       1
       1
       2
       2
       2
       2
       4
       2
       3
       3
       4
       1
       4
       1
       1
       1
       6
       5
       2
       3
       4
       3
       1
       0
       5
       4
       3
       2
       2
       1
       3
       1
       6
       1
       5
       7
       6
       2
       3
       4
       1
       1
       2
       2
       2
       1
       2
       1
       3
       2
       1
       0
       2
       1
       4
       3
       2
       2
       4
       3
       5
       3
       2
       1
       2
       3
       6
       1
       2
       1
       5
       1
       1
       3
       2
       5
       1
       2
       2
       3
       1
       1
       2
       3
       2
       5
       3
       0
       3
       1
       0
       2
       2
       0
       5
       2
       1
       1
       3
       4
       2
       5
       2
       2
       1
       1
       5
       2
       3
       2
       0
       2
       2
       2
       5
       3
       4
       2
       1
       3
       2
       1
       4
       1
       6
       2
       1
       2
       2
       2
       5
       3
       2
       5
       1
       5
       3
       2
       3
       3
       2
       2
       1
       2
       2
       0
       4
       1
       3
       1
       4
       2
       3
       4
       2
       2
       1
       3
       4
       2
       2
       4
       1
       4
       3
       3
       2
       4
       3
       3
       5
       0
       2
       1
       2
       1
       1
       5
       2
       8
       2
       2
       2
       2
       0
       2
       2
       5
       6
       4
       6
       4
       2
       2
       3
       5
       3
       5
       4
       2
       0
       3
       3
       6
       3
       3
       3
       3
       0
       6
       4
       4
       7
       2
       3
       4
       2
       2
       1
       2
       7
       1
       2
       1
       4
       2
       4
       0
       6
       4
       4
       1
       2
       3
       4
       3
       3
       3
       3
       7
       3
       4
       2
       2
       4
       2
       3
       3
       2
       1
       3
       5
       2
       2
       2
       3
       4
       2
       2
       2
       1
       2
       1
       1
       1
       2
       2
       2
       4
       1
       6
       0
       0
       0
       2
       2
       1
       4
       2
       2
       3
       1
       4
       4
       1
       1
       2
       5
       4
       4
       2
       2
       2
       2
       3
       2
       3
       1
       3
       1
       2
       2
       2
       2
       1
       1
       1
       1
       0
       2
       1
       1
       1
       4
       1
       1
       1
       2
       0
       1
       2
       1
       3
       1
       1
       1
       3
       1
       3
       3
       1
       2
       2
       1
       0
       0
       0
       4
       3
       2
       1
       1
       2
       1
       0
       0
       1
       1
       1
       2
       0
       3
       3
       0
       1
       1
       1
       0
       2
       0
       1
       0
       2
       9
       5
       1
       9
       8
       2
       5
       7
       6
       6
       4
       3
       3
       6
       5
       1
       4
       7
       1
       4
      10
       3
       2
       8
       3
       7
       7
       8
       4
       5
       2
       5
       6
       7
       2
       4
       1
       5
       4
       4
       3
       3
       5
       3
       3
       5
$ROI:
1
756 943
$PRESETS:
Real Time
300
0
$ENER_FIT:
-35.580715 0.815979
$MCA_CAL:
3
-3.558072E+001 8.159789E-001 0.000000E+000 keV
$SHAPE_CAL:
3
1.180934E+002 -4.660690E-002 0.000000E+000
