$SPEC_ID:
40
$SPEC_REM:
DET# 1
DETDESC# OCL-MASSPEC MCB 337
AP# Maestro Version 7.01
$DATE_MEA:
10/15/2025 14:37:58
$MEAS_TIM:
298 300
$DATA:
0 2047
       0
       0
       0
       0
       0
       0
       0
       0
       0
       0
       0
       0
       0
       0
       0
       0
       0
       1
      14
      40
      26
      32
      30
      30
      25
      35
      35
      15
      37
      35
      25
      38
      32
      29
      19
      43
      34
      36
      44
      27
      45
      46
      42
      44
      39
      47
      48
      49
      42
      35
      51
      43
      50
      35
      36
      43
      35
      40
      39
      45
      37
      38
      41
      42
      53
      50
      48
      38
      42
      43
      39
      45
      40
      42
      42
      51
      52
      35
      61
      47
      43
      40
      56
      59
      50
      56
      73
      71
      62
      77
      62
      63
      62
      61
      68
      79
      58
      90
      67
      86
      95
     103
     102
      90
     118
     121
     115
     112
     128
     136
     121
     118
     125
     124
     115
     143
     123
     117
     125
     119
     110
     114
     103
     118
     131
      98
      99
     107
     112
     109
     114
     113
     122
     110
     104
     103
      99
     109
     115
     116
      95
      96
     113
     110
     117
     103
     137
     122
     100
     102
     109
     103
      88
      98
     109
      95
     104
     108
     111
     112
     122
     107
      97
      89
     106
     113
     125
      99
      98
     104
      99
     106
     108
     104
     105
     102
     115
      93
      99
     104
      82
     113
      86
      86
     108
     104
      95
     106
     124
     104
      99
      86
     108
      89
     100
     103
      95
     106
      90
     104
      88
      88
     120
     101
      95
      83
     103
     103
      86
      84
      96
      90
      97
      82
      93
      72
     107
      79
      71
      92
     103
     110
      83
      95
      75
      73
      83
      90
      83
     106
      70
      74
      77
      85
      66
      65
      85
      87
      78
      85
      79
     103
      88
      94
      85
      76
      80
      85
      80
      78
      74
      89
     100
      80
      89
      77
      72
      81
      72
      79
      77
      53
      75
      63
      73
      84
      79
      93
      62
      55
      69
      84
      76
      88
      64
      71
      77
      72
      62
      75
      66
      64
      87
      80
      68
      75
      93
      78
      71
      74
      59
      71
      69
      73
      84
      65
      71
      77
      88
      73
      77
      62
      79
      45
      64
      66
      69
      74
      85
      78
      68
      72
      65
      74
      67
      63
      61
      62
      58
      64
      59
      56
      67
      69
      62
      65
      73
      65
      70
      60
      63
      59
      64
      71
      64
      58
      65
      48
      47
      74
      55
      67
      61
      55
      65
      65
      56
      60
      54
      57
      57
      63
      63
      46
      45
      60
      53
      53
      63
      44
      62
      53
      48
      60
      60
      55
      59
      51
      54
      43
      48
      46
      51
      58
      44
      56
      42
      44
      65
      35
      54
      63
      50
      44
      47
      48
      49
      55
      43
      47
      45
      49
      40
      42
      42
      59
      51
      46
      35
      57
      54
      43
      49
      47
      33
      49
      40
      58
      47
      48
      41
      47
      36
      43
      50
      35
      49
      49
      36
      49
      50
      44
      47
      45
      54
      37
      38
      39
      43
      42
      30
      35
      47
      41
      37
      45
      36
      43
      38
      32
      48
      52
      45
      39
      30
      36
      34
      35
      36
      38
      31
      44
      29
      53
      39
      41
      36
      44
      41
      33
      30
      38
      39
      44
      42
      30
      36
      37
      42
      35
      48
      39
      33
      38
      39
      33
      44
      29
      36
      47
      31
      27
      34
      24
      31
      37
      33
      30
      31
      40
      40
      44
      37
      37
      28
      32
      38
      34
      39
      25
      25
      39
      46
      31
      29
      35
      31
      33
      26
      29
      27
      31
      31
      27
      27
      29
      30
      33
      32
      34
      29
      25
      18
      26
      29
      29
      25
      33
      27
      35
      23
      34
      31
      26
      31
      22
      41
      28
      26
      31
      30
      33
      23
      19
      39
      27
      36
      23
      36
      27
      28
      29
      36
      29
      32
      24
      26
      32
      17
      24
      23
      21
      21
      38
      30
      23
      18
      28
      23
      19
      21
      26
      21
      23
      29
      28
      28
      24
      48
      27
      23
      26
      21
      18
      30
      25
      29
      21
      26
      23
      23
      17
      25
      22
      26
      26
      20
      25
      23
      25
      18
      20
      26
      25
      33
      27
      19
      29
      30
      20
      28
      22
      23
      21
      19
      25
      27
      25
      30
      23
      23
      27
      22
      19
      29
      23
      28
      30
      27
      20
      23
      13
      16
      22
      22
      25
      22
      22
      25
      30
      20
      15
      24
      17
      26
      15
      18
      21
      28
      22
      24
      29
      23
      19
      21
      20
      29
      30
      33
      22
      20
      16
      30
      27
      24
      26
      35
      16
      18
      24
      19
      31
      31
      20
      23
      27
      23
      22
      24
      33
      21
      23
      19
      24
      24
      20
      19
      19
      18
      24
      18
      23
      27
      17
      23
      28
      24
      19
      20
      24
      22
      22
      25
      23
      22
      28
      24
      29
      21
      22
      26
      22
      27
      22
      25
      21
      25
      16
      17
      25
      19
      18
      19
      19
      21
      23
      16
      14
      15
      24
      18
      23
      29
      21
      18
      21
      19
      14
      24
      28
      24
      24
      18
      19
      20
      22
      18
      19
      18
      22
      26
      15
      16
      21
      19
      19
      18
      24
      24
      25
      25
      26
      12
      22
      20
      23
      25
      22
      15
      18
      16
      16
      21
      18
      20
      28
      20
      24
      25
      24
      15
      18
      20
      17
      14
      15
      14
      27
      22
      16
      12
      29
      16
      25
      22
      18
      16
      26
      20
      25
      12
      24
      24
      17
      25
      19
      13
      26
      18
      12
      27
      20
      15
      25
      23
      12
      16
      17
      21
      24
      24
      16
      18
      22
      16
      22
      18
      21
      10
      22
      15
      19
      18
      23
      13
      22
      12
      13
      30
      22
      16
      21
      24
      20
      24
      24
      24
      20
      18
      26
      17
      10
      16
      19
      16
      15
      20
      16
      13
      21
      17
      24
      17
      12
      20
      16
      25
      16
      16
      15
      23
      16
      26
      20
      16
      11
      17
      20
      19
      18
      16
      12
      20
      16
      14
      15
      15
      19
      21
      15
      15
       7
      15
      15
      17
      18
      20
      16
      16
      19
      16
      16
      15
      18
      20
      21
      11
      18
      15
      17
      19
      24
      15
      17
      19
      29
      16
      22
      10
      18
      14
      12
      12
      16
      20
      13
      21
      22
      18
      20
      17
      19
      13
      15
      13
      15
      17
      15
      19
      11
      15
      21
      17
      13
      14
      14
      15
      14
      14
      17
      13
       8
      15
      12
      16
      16
      20
      15
      19
      16
      17
      17
      27
      17
      19
      13
      11
      15
      20
      13
      20
      10
      17
      18
      20
      13
      26
      12
      21
      19
       8
      17
       8
      12
      19
      17
      19
      20
      16
      16
      16
      17
      10
      17
      15
      18
      19
      19
      13
      15
      15
      15
      15
      20
      16
      24
      25
      17
      19
      19
      19
      11
      15
      14
      15
      14
      18
      20
      19
      14
      20
       8
      14
      15
      20
      15
      12
       8
      19
      16
      20
      19
      15
      20
      19
      15
      15
      17
      17
      15
      16
      16
      16
      20
      14
      21
      17
      24
      10
      16
      11
      17
      18
      14
      17
      12
      16
      21
      18
      12
      33
      10
      20
       9
       8
      14
      16
      25
      20
      15
       9
      12
      23
      20
       8
      22
      20
      14
      13
      19
      18
      22
      15
      19
      28
      15
      18
      17
      23
      15
      17
      13
      18
      19
      17
      16
      18
      13
      19
      13
      13
      18
      14
      18
      16
      21
      20
      17
      20
      18
      24
      14
      20
      15
      14
      14
      21
      25
      18
      15
      18
      22
      20
       9
      17
      18
      22
      20
      27
      19
      12
      16
      20
      21
      11
      14
      12
      16
      19
      20
      16
      12
      15
      17
      20
      22
      20
      23
      18
       8
      14
      15
      17
      15
      19
      17
      24
      21
      14
      20
      22
      29
      17
      13
      14
      14
      16
      15
      20
      20
      18
      16
      26
      22
      22
      22
      12
      19
      20
      23
      14
      20
      20
      17
      16
      12
      16
      23
      19
      14
      25
      18
      22
      14
      21
      16
      21
      19
      15
      16
      12
      21
      12
      13
      20
      17
      21
      25
      14
      17
      17
      17
      22
      20
      18
      15
      19
      18
      12
      13
      10
      10
      14
      14
      15
      17
      10
      10
      17
      18
      11
      12
       8
      13
      14
      16
      15
      17
      17
      11
      15
      16
      10
      11
      11
      11
      14
      18
      20
      13
       5
      10
       9
      10
       7
      12
      16
      14
      22
       9
      17
      15
      17
       8
      10
      12
       9
      10
      19
       7
      17
      11
      12
       9
      10
      10
      17
      12
      12
      10
      16
      14
      14
      13
      14
      16
      17
      11
      13
       5
      13
      12
      13
      15
      13
       4
      13
      13
      16
       5
      12
       9
      16
      11
      13
      11
      12
      17
      10
      13
      10
      12
      13
      17
      11
      18
      16
      12
       8
      13
      10
      16
      16
      11
       9
      12
      14
      13
       4
       8
      15
       8
      10
       6
      12
      15
      18
      12
      17
      18
      13
      12
      11
      13
      11
      10
      12
      13
      11
      11
      10
      19
      12
       8
      11
      13
       8
      12
      13
      13
      14
       9
      10
      10
      12
       9
      10
      10
      13
       7
       9
      11
      14
      11
      14
      19
      15
       6
      11
       6
      12
      15
      15
      11
      12
      14
      10
      10
       6
      16
       8
      13
      13
       9
      11
      15
      11
      10
       8
       8
      12
      15
       9
       9
      13
       7
       6
       8
       6
      15
      10
      11
       5
      15
       7
      11
       7
       9
      10
       9
       6
      12
      13
      15
      15
      13
       9
      10
      10
       7
       9
       7
      11
      14
      11
       7
      13
       9
       9
       7
      16
      15
      10
      10
      11
      17
      14
      18
      13
      13
      15
      19
      13
       8
      14
      16
      10
      14
      13
      12
      15
      17
      17
      19
      16
      19
      12
      20
      21
      12
      23
      21
      20
      16
      13
      12
      27
      21
      22
      17
      24
      29
      17
      22
      22
      15
      12
      17
      18
      24
      18
      23
      21
      17
      14
      23
      21
      31
      34
      18
      21
      24
      27
      17
      25
      28
      31
      24
      24
      27
      24
      33
      22
      18
      27
      17
      24
      28
      28
      25
      34
      18
      26
      36
      27
      20
      37
      28
      24
      16
      26
      32
      26
      23
      27
      31
      25
      16
      20
      23
      25
      18
      24
      23
      26
      14
      26
      21
      30
      25
      14
      11
      17
      14
      20
      19
      23
      20
      14
      20
      20
      16
      12
      15
      26
      21
      12
      26
      18
      14
      13
      13
       9
      17
      17
      20
      10
      12
       8
      11
      10
       8
      14
       9
      13
      14
      16
       7
      17
      11
       9
      10
      15
      14
      11
      12
       8
       6
      10
      16
      11
       5
      12
      16
       9
       8
       3
       9
       9
       7
      12
       9
      10
      18
       8
       3
       6
      11
      10
      15
      16
       6
      11
       6
      10
       8
       9
       6
       7
      12
       6
      11
      11
       7
       9
       5
      13
       6
       7
      10
       9
      15
      15
      10
       6
      11
       7
      19
      15
      10
      13
      10
      15
      16
       6
      10
      14
      11
      11
      15
      15
      16
      17
      14
      19
      10
      12
      18
      17
      14
      17
      12
       9
      21
      16
      13
      16
      12
      17
      17
      13
      14
      16
      16
      15
      17
      19
      12
      20
      19
      15
      16
      19
      22
      21
      25
      10
      19
      19
      21
      15
      26
      28
      17
      20
      16
      23
      33
      15
      21
      12
      27
      10
      21
      21
      25
      21
      18
      19
      20
      20
      27
      17
      24
      21
      23
      18
      22
      15
       7
      15
      15
      16
      20
      15
      21
      18
      25
      18
      19
      20
      19
      22
      18
      20
      16
      21
       9
      18
      12
      18
       7
      13
      16
      14
      12
      13
      17
      17
      12
      14
      12
      16
      17
      12
      13
      18
      14
       7
       4
      16
      13
      11
      20
      16
      11
      14
      10
      12
      12
       9
       9
      13
      10
      11
       5
      12
       6
       3
       7
       5
       7
      14
       7
       8
       5
       6
       9
      10
      10
      12
      12
      11
       6
       8
       8
       6
       9
      11
       9
       5
       5
       6
      10
       9
       8
       4
       3
       5
       8
       5
       6
       9
       7
       5
       9
       7
       7
       2
       9
       5
       9
       7
       8
      11
       6
       3
       6
       8
      10
       8
       7
       3
      11
       3
       5
      10
       5
       6
       6
       5
       3
       3
       5
       4
       7
       9
       5
       3
       5
       3
       3
       3
       4
       7
       4
       7
       3
       8
       3
       9
       3
       5
       3
       3
       5
       7
       6
       6
       4
       5
       5
      15
       7
       1
       4
       6
       2
       6
       3
       5
       6
       4
       5
       6
       5
       6
       7
       4
       3
       5
       5
       4
       2
       6
       3
       6
       0
       4
       6
       4
       4
       4
       1
       4
       4
       5
       3
       5
       5
       4
       2
       5
       1
       2
       6
       1
       1
       2
       3
       6
       2
       2
       3
       6
       4
       3
       3
       6
       4
       3
       2
       1
       4
       3
       3
       2
       5
       2
       1
       0
       2
       5
       0
       6
       1
       0
       5
       1
       5
       3
       4
       1
       4
       6
       2
       2
       1
       3
       1
       0
       5
       4
       1
       2
       2
       1
       6
       3
       0
       0
       2
       2
       5
       1
       2
       3
       2
       0
       2
       1
       2
       3
       5
       1
       3
       2
       2
       2
       1
       4
       2
       8
      11
       8
       5
      11
       6
      11
       8
       4
       5
       9
       0
       4
       4
       0
       2
       5
       4
       9
       6
      11
       4
       9
       6
       3
       5
       5
       8
       8
       4
       8
      10
       2
       4
       5
       4
       3
       6
       3
       5
       5
       1
       3
       2
       4
       2
$ROI:
1
756 943
$PRESETS:
Real Time
300
0
$ENER_FIT:
-35.580715 0.815979
$MCA_CAL:
3
-3.558072E+001 8.159789E-001 0.000000E+000 keV
$SHAPE_CAL:
3
1.180934E+002 -4.660690E-002 0.000000E+000
