$SPEC_ID:
40
$SPEC_REM:
DET# 1
DETDESC# OCL-MASSPEC MCB 337
AP# Maestro Version 7.01
$DATE_MEA:
10/15/2025 14:51:15
$MEAS_TIM:
299 300
$DATA:
0 2047
       0
       0
       0
       0
       0
       0
       0
       0
       0
       0
       0
       0
       0
       0
       0
       0
       0
       0
       7
      21
      15
      22
      18
      24
      27
      14
      16
      16
      16
      13
      18
      22
      15
      17
      26
      19
      15
      22
      22
      33
      26
      24
      31
      40
      33
      38
      23
      40
      23
      39
      32
      26
      27
      36
      26
      26
      43
      26
      28
      24
      36
      25
      29
      31
      27
      29
      30
      36
      23
      27
      31
      30
      31
      33
      34
      38
      32
      31
      43
      34
      41
      38
      43
      37
      38
      46
      33
      46
      55
      50
      50
      52
      47
      48
      49
      46
      53
      60
      63
      80
      59
      52
      95
      78
      84
      87
      80
      84
      85
     102
     109
     113
     105
     108
     102
      96
     114
      86
     100
      90
      88
      96
      78
      93
     106
      93
     104
     105
     118
      82
      95
      93
      88
      82
     115
      95
      88
      93
      99
      90
      96
      87
      88
      94
     105
      83
      82
      99
      91
      95
     106
     105
     103
      81
      79
      92
      85
      83
      89
      85
      99
     105
     102
      96
     102
      94
      74
      89
     100
      87
      90
      85
     102
      91
      82
      92
     102
      95
      82
      75
     111
     104
      90
      87
      90
      91
      81
      90
      86
      85
      74
     112
      77
      80
      74
      78
     102
      86
      80
      84
      95
      94
      88
      87
      79
      88
      85
      83
      79
      84
      70
      71
      79
      77
      65
      73
      82
      68
      86
      88
      77
      64
      76
      63
      67
      64
      87
      75
      61
      61
      76
      70
      66
      77
      58
      59
      68
      77
      52
      66
      63
      72
      73
      78
      60
      58
      60
      53
      74
      64
      61
      60
      57
      71
      57
      81
      61
      56
      60
      66
      63
      75
      62
      63
      71
      68
      53
      68
      64
      60
      49
      60
      62
      50
      55
      52
      60
      48
      62
      57
      56
      64
      53
      68
      47
      58
      51
      47
      49
      48
      52
      68
      39
      50
      53
      50
      53
      50
      51
      48
      58
      57
      55
      60
      44
      49
      53
      44
      41
      46
      61
      46
      42
      42
      47
      39
      41
      47
      31
      40
      46
      46
      53
      45
      41
      49
      51
      39
      56
      46
      36
      42
      46
      42
      42
      37
      46
      42
      44
      45
      46
      42
      30
      36
      30
      33
      46
      33
      40
      47
      40
      33
      44
      35
      41
      45
      39
      30
      45
      39
      26
      44
      36
      27
      34
      32
      37
      35
      32
      31
      41
      33
      35
      40
      31
      32
      34
      28
      34
      25
      29
      26
      30
      35
      30
      38
      22
      31
      38
      36
      23
      34
      46
      35
      28
      40
      25
      29
      33
      32
      34
      25
      24
      30
      29
      25
      30
      21
      22
      28
      26
      29
      32
      29
      26
      29
      35
      29
      26
      28
      28
      30
      25
      30
      27
      22
      19
      31
      20
      25
      34
      23
      26
      23
      22
      26
      25
      20
      21
      21
      31
      30
      25
      26
      16
      25
      20
      28
      21
      26
      21
      30
      27
      29
      19
      14
      23
      25
      18
      33
      18
      21
      19
      20
      33
      22
      23
      24
      23
      10
      29
      17
      32
      26
      13
      23
      21
      15
      36
      21
      19
      19
      20
      19
      23
      19
      24
      24
      20
      20
      26
      23
      27
      21
      17
      17
      11
      20
      24
      17
      17
      16
      22
      20
      10
      20
      19
      14
      18
      19
      22
      19
      16
      22
      17
      15
      21
      20
      18
      19
      18
      20
      11
      17
      18
      13
      11
      19
      23
      14
      12
      22
      13
      17
      23
       6
      15
      11
      14
       9
      15
      17
      12
      15
      10
      10
      14
      14
      22
      11
      12
      11
      16
      15
      10
      16
       9
      16
       9
      11
       9
      17
      11
      20
      14
      13
      11
      11
      22
       7
      22
       7
       7
      13
      23
       9
       9
      11
       6
      10
      11
      12
      17
      13
      16
      14
      13
      16
      16
      10
      14
      13
      11
      18
      16
       8
       9
      16
      10
       4
      11
      12
       9
      10
      10
      13
      13
      12
      16
      13
      12
      16
       8
      16
      13
      15
       9
      10
       9
      12
      12
      12
       8
      13
       9
      11
      11
      11
      12
       9
      10
      11
       9
      11
      13
      15
       4
      13
      12
      12
       6
       6
      17
       7
      10
      13
      17
      15
      14
      12
      14
       6
      11
      14
      20
      13
      10
       6
      14
      12
      16
      12
      13
       9
       9
       6
      11
       7
       7
       9
      10
      14
       7
       6
      11
      11
      10
      15
       9
      13
      10
      11
       5
       9
      11
      10
       6
      14
       8
      13
      12
      12
       9
      12
      15
      11
      13
      12
      12
      11
       6
      14
      15
      12
      11
      15
       9
       8
      18
       6
      12
       7
       5
      12
       7
       9
       6
       4
       8
       8
      11
      12
      10
       9
      10
      12
      11
      16
       6
       9
       3
      11
       5
      11
       8
      14
      11
       7
      13
      10
       9
       5
       8
      11
      10
       5
      10
       7
       5
       5
       8
      15
      11
      10
       7
       8
       5
       5
       7
      10
      12
       7
      11
       9
      10
       6
       7
       7
       6
      11
       8
       9
       5
       8
       5
      13
      11
       9
       9
      13
      12
      10
       9
      10
       3
       8
      18
       9
       8
      12
       4
      11
       9
      10
       7
       5
       8
       7
      11
       6
       7
       8
       8
      13
       8
      10
       8
       9
       7
       7
       4
      10
      12
       5
       6
       6
       7
       8
       7
      12
       6
       9
       9
      10
       9
       4
       6
      10
       6
      10
       7
       8
       8
       9
      11
       8
       6
       5
       6
       9
      15
       8
       6
       4
       7
       6
       5
       7
       6
       9
       8
       9
       6
       3
       9
       6
       6
       5
      15
       8
       4
       8
       7
       8
       5
      13
       7
       4
       7
       8
       5
       4
       3
       8
       8
       7
      10
       8
       5
       7
      10
       4
       5
       6
      10
       1
       8
       6
       7
       1
      11
       7
       7
       5
       3
       8
      10
       7
       2
       6
       9
       5
       7
       4
       6
       7
       2
       5
       9
       4
       5
       6
       2
       4
       8
       4
       4
       8
       5
       8
       7
       7
       7
       3
       8
       5
       8
       6
       6
       6
       9
       5
       2
       6
      11
       6
       6
       5
       7
       8
       3
       8
       4
       3
       7
       7
       3
       5
       7
       4
       4
       3
       9
       8
       4
       9
       7
       3
       6
       4
       7
       3
       6
       7
       2
       2
       5
       2
       8
       9
       7
       8
       8
       8
       5
       8
       3
       7
       7
       7
       2
       2
       7
       6
       5
       4
       5
       5
       2
       9
       3
       7
       6
       4
       3
       8
       4
       6
       5
       6
       4
       7
       7
       6
       3
       3
       5
       8
       3
       3
      10
       3
       4
       3
       7
       3
       5
       2
       5
       4
       3
       9
       6
       2
       3
       9
       3
       7
       9
       5
       6
       7
       5
       6
       3
       5
       5
       7
       9
       0
       3
       5
       4
       4
       3
       5
       2
       3
       2
       5
       4
       6
       5
       4
       4
       4
       9
       4
       7
       4
       5
       3
       4
       6
       7
       8
       5
       3
       2
       9
       4
       3
       3
       3
       5
       5
       2
       1
       4
       8
       5
       9
       7
       3
       3
       7
       3
       8
       5
       3
       7
       3
       5
       4
       4
       5
       2
       6
       5
       4
       4
       2
       6
       4
       1
       6
       3
       5
       5
       3
       4
       8
       8
       6
       1
       3
       3
       3
       6
       8
       6
       9
       9
       9
       4
       5
       7
       7
       5
       1
       1
       8
       4
       5
       6
       6
       7
       4
       4
       2
       3
       5
       3
       5
       1
       5
       4
       6
       3
       4
       3
       2
       4
       2
       4
       7
       0
       4
       1
       5
       3
       4
       4
       2
       2
       2
       3
       7
       9
       3
       8
       5
       6
       5
       3
       4
       2
       2
       6
       2
       4
       5
       2
       5
       3
       2
       6
       7
       3
       3
       2
       5
       7
       5
       4
       5
       3
       3
       3
       3
       1
       2
       3
       2
       1
       2
       1
       6
       8
       7
       4
       1
       0
       5
       3
       2
       6
      10
       4
       3
       3
       7
       5
       2
       5
       8
       5
       2
       5
       9
       7
       1
       5
       6
       3
       4
       3
      10
       4
       4
       4
       7
       3
       2
       2
       2
       4
       2
       5
       6
       0
       5
       6
       6
       6
       3
       1
       6
       2
       2
       5
       1
       1
       3
       2
       6
       7
       6
       6
       6
       6
       4
       6
       3
       7
       2
       3
       3
       6
       8
       3
       5
       4
       9
       3
       7
       4
       2
       3
       3
       3
       3
       3
       4
       7
       6
       4
       1
       2
       0
       5
       4
       4
       3
       3
       1
       2
       4
       4
       2
       1
       8
       7
       3
       1
       4
       0
       4
       1
       3
       4
       4
       3
       5
       6
       3
       2
       7
       4
       2
       4
       5
       4
       6
       0
       1
       2
       6
       3
       8
       3
       2
       1
       2
       2
       2
       2
       2
       3
       2
       1
       4
       1
       3
       1
       3
       5
       1
       4
       0
       5
       4
       4
       0
       5
       3
       4
       1
       3
       3
       5
       5
       3
       2
       6
       5
       1
       4
       4
       2
       3
       5
       4
       2
       3
       5
       4
       1
       2
       4
       1
       2
       3
       5
       4
       3
       2
       3
       2
       0
       2
       3
       3
       4
       4
       3
       6
       3
       7
       2
       8
       2
       5
       4
       1
       5
       2
       7
       2
       3
       7
       4
       1
       2
       2
       3
       4
       2
       1
       3
       2
       3
       2
       3
       1
       2
       5
       2
       1
       4
       0
       7
       3
       4
       2
      10
       3
       4
       4
       8
       3
       2
       5
       1
       3
       4
       3
       4
       4
       1
       0
       1
       4
       3
       4
       5
       1
       5
       4
       5
       4
       3
       4
       3
       3
       3
       2
       4
       3
       5
       3
       4
       0
       2
       3
       2
       2
       4
       3
       2
       2
       2
       4
       1
       2
       4
       4
       5
       5
       4
       3
       5
       1
       0
       6
       1
       3
       3
       1
       3
       5
       4
       4
       6
       2
       3
       5
       4
       4
       1
       2
       2
       2
       2
       2
       2
       4
       2
       0
       1
       3
       4
       5
       1
       2
       4
       5
       5
       3
       3
       3
       2
       2
       5
       2
       3
       0
       3
       0
       3
       3
       4
       2
       1
       1
       2
       1
       0
       4
       4
       3
       2
       3
       5
       3
       1
       1
       1
       6
       5
       4
       4
       3
       1
       2
       2
       2
       2
       1
       3
       3
       1
       1
       1
       3
       3
       4
       1
       2
       1
       0
       1
       2
       2
       2
       5
       0
       1
       0
       2
       1
       1
       4
       2
       2
       1
       1
       3
       3
       1
       5
       0
       1
       1
       3
       3
       0
       0
       1
       4
       1
       0
       3
       2
       1
       3
       1
       0
       1
       3
       5
       0
       1
       2
       3
       5
       1
       2
       1
       2
       2
       1
       3
       3
       1
       1
       5
       0
       4
       3
       3
       2
       4
       1
       1
       0
       1
       3
       3
       2
       4
       2
       4
       0
       2
       1
       2
       1
       0
       1
       3
       1
       5
       3
       4
       3
       2
       2
       1
       0
       3
       1
       3
       1
       2
       1
       2
       1
       0
       1
       2
       2
       2
       1
       2
       1
       2
       2
       0
       0
       2
       2
       1
       2
       1
       1
       1
       2
       3
       0
       4
       1
       2
       1
       1
       1
       2
       0
       2
       2
       1
       1
       1
       1
       2
       0
       1
       2
       1
       2
       2
       2
       2
       1
       1
       0
       4
       1
       3
       0
       3
       4
       3
       2
       1
       0
       3
       2
       0
       2
       1
       4
       1
       2
       2
       0
       1
       1
       1
       2
       3
       0
       0
       3
       3
       0
       0
       1
       0
       1
       1
       0
       1
       1
       1
       0
       3
       3
       1
       0
       3
       1
       4
       2
       2
       2
       0
       1
       1
       2
       0
       4
       5
       0
       3
       2
       1
       2
       4
       2
       4
       2
       4
       1
       3
       1
       2
       4
       3
       1
       0
       2
       1
       2
       7
       3
       2
       0
       2
       1
       4
       1
       3
       4
       1
       2
       2
       1
       2
       2
       6
       4
       1
       3
       1
       2
       2
       3
       6
       1
       4
       5
       3
       5
       7
       1
       2
       1
       5
       7
       1
       0
       4
       4
       2
       2
       5
       4
       1
       2
       2
       2
       4
       3
       5
       4
       1
       2
       2
       4
       3
       6
       2
       3
       3
       3
       4
       4
       1
       3
       5
       2
       5
       3
       7
       4
       1
       3
       2
       4
       7
       2
       4
       1
       4
       7
       8
       1
       2
       3
       5
       3
       2
       4
       3
       3
       3
       3
       3
       4
       4
       1
       5
       4
       2
       3
       4
       1
       2
       3
       4
       0
       1
       9
       1
       0
       0
       3
       4
       3
       0
       5
       1
       4
       5
       3
       3
       3
       2
       4
       3
       3
       1
       1
       2
       1
       2
       3
       5
       0
       1
       4
       0
       2
       1
       3
       0
       3
       1
       2
       2
       4
       1
       1
       1
       2
       3
       1
       4
       1
       2
       2
       4
       3
       3
       1
       1
       2
       0
       2
       1
       2
       0
       4
       1
       1
       2
       0
       2
       3
       1
       2
       1
       2
       2
       0
       1
       0
       3
       0
       0
       1
       6
       6
       6
       8
       6
      10
       3
       3
       3
       4
       2
       6
       4
       4
       3
       3
       1
       6
       3
       2
       4
       4
       5
       4
       4
       4
       4
       5
       7
       7
       3
       6
       6
       5
       7
       8
       2
       6
       4
       0
       2
       6
       4
       2
       3
       1
$ROI:
1
756 943
$PRESETS:
Real Time
300
0
$ENER_FIT:
-35.580715 0.815979
$MCA_CAL:
3
-3.558072E+001 8.159789E-001 0.000000E+000 keV
$SHAPE_CAL:
3
1.180934E+002 -4.660690E-002 0.000000E+000
