$SPEC_ID:
40
$SPEC_REM:
DET# 1
DETDESC# OCL-MASSPEC MCB 337
AP# Maestro Version 7.01
$DATE_MEA:
10/15/2025 14:28:41
$MEAS_TIM:
299 300
$DATA:
0 2047
       0
       0
       0
       0
       0
       0
       0
       0
       0
       0
       0
       0
       0
       0
       0
       0
       0
       0
       6
      15
       7
      13
      21
      19
      19
      15
      14
      19
      16
      23
      16
      19
      21
      22
      24
      19
      26
      23
      26
      32
      29
      31
      30
      41
      32
      21
      49
      30
      37
      28
      38
      29
      33
      27
      24
      25
      24
      35
      27
      35
      19
      19
      24
      33
      29
      22
      22
      27
      29
      26
      28
      36
      40
      36
      49
      38
      35
      36
      30
      36
      40
      35
      45
      32
      39
      48
      41
      42
      42
      40
      40
      54
      58
      62
      51
      50
      59
      66
      63
      66
      72
      77
      64
      86
      82
      90
      84
      94
      94
      97
      78
     119
     102
     103
      96
      88
      92
     110
      92
      88
     107
     114
     104
      87
     113
      89
      76
     103
      93
     102
      99
      96
      91
      79
      92
      83
      86
      94
      84
     123
     100
      90
      77
      84
      81
      81
      87
      86
      84
      81
      82
      90
      76
     101
      80
      84
     103
      96
      89
     101
      93
     112
      99
      92
      93
      96
      98
      83
      89
      88
     103
      94
      90
      81
      88
      93
      88
      83
      95
     100
      87
     123
     103
      80
      98
      98
     104
      88
      93
      97
      96
      83
      82
      95
      97
      77
      78
      80
      83
      93
      77
      73
     101
      84
      76
      93
      83
      67
      80
      84
      68
      71
      61
      82
      98
      81
      84
      88
      76
      86
      72
      76
      81
      71
      74
      64
      73
      71
      38
      78
     102
      62
      67
      60
      76
      72
      73
      70
      62
      74
      52
      61
      68
      62
      75
      61
      55
      68
      59
      68
      69
      72
      63
      72
      76
      69
      78
      56
      62
      75
      63
      58
      60
      61
      56
      69
      62
      57
      57
      68
      45
      53
      57
      55
      68
      69
      53
      70
      74
      54
      51
      58
      57
      49
      51
      55
      45
      57
      55
      46
      54
      48
      59
      64
      47
      48
      46
      65
      56
      53
      47
      49
      54
      54
      51
      35
      44
      49
      59
      43
      47
      50
      53
      47
      43
      44
      49
      43
      51
      42
      47
      59
      35
      51
      45
      50
      46
      51
      36
      40
      45
      36
      37
      36
      40
      36
      33
      46
      42
      44
      37
      49
      40
      48
      43
      55
      39
      48
      58
      41
      30
      32
      33
      31
      28
      39
      38
      24
      41
      31
      49
      35
      35
      33
      39
      47
      38
      29
      34
      28
      28
      32
      32
      35
      37
      36
      27
      26
      27
      40
      36
      35
      34
      40
      28
      30
      23
      27
      34
      29
      25
      34
      32
      37
      26
      26
      29
      37
      30
      31
      21
      29
      38
      35
      27
      31
      25
      38
      28
      25
      25
      30
      27
      34
      26
      31
      32
      21
      24
      19
      26
      24
      38
      17
      21
      33
      26
      21
      32
      21
      18
      24
      30
      26
      35
      26
      16
      18
      20
      26
      20
      23
      34
      20
      22
      19
      19
      22
      22
      24
      20
      20
      19
      28
      20
      18
      24
      20
      25
      16
      23
      22
      24
      25
      31
      28
      26
      15
      18
      16
      27
      25
      21
      20
      18
      16
      17
      18
      22
      13
      16
      22
      20
      11
      18
      13
      16
      17
      23
      23
      17
      15
      23
      20
      27
      22
      17
      19
      23
      15
      19
      18
      21
      21
      17
      21
      26
      18
      25
      19
      26
      21
      12
      21
      20
      21
      17
      14
      12
      17
      17
      18
      18
      22
      13
      20
      16
      14
      12
      24
      20
      19
      14
      14
      11
      18
      12
      21
      14
      18
      12
      16
      11
      27
      19
      13
      13
      14
      19
      17
       9
      11
      18
      11
      20
      16
      12
      15
      15
       7
      15
      18
       8
      13
      12
      14
      11
      10
       8
      12
      10
      20
      15
      17
      11
      10
      15
       9
      15
      14
      14
       8
      14
      17
      10
      13
      19
      11
      11
       7
      18
       9
      11
       7
       9
       9
       6
      13
       8
      14
      16
       7
       9
      17
      13
      11
       8
      17
       9
       9
      10
      11
      10
      10
      15
      13
       6
      16
      16
      12
      11
      12
      11
      18
      11
       7
      10
      10
       9
       6
      18
       6
      12
      12
       8
       8
      15
      13
      12
      10
       9
      11
      20
       9
      11
      16
       7
       8
       8
       8
       8
       8
      10
      15
       7
      20
       8
       7
      16
      11
      12
       8
       9
      10
      12
      12
       9
      10
       6
       7
      12
       9
      15
      11
      11
      11
       9
       8
      17
      11
      12
      12
      10
       7
      11
       7
       9
       6
      19
      11
      10
      12
       4
       9
       6
      10
      12
       7
       7
       9
      10
      15
      10
       9
      15
      11
      13
      11
       6
       9
      10
      14
       8
      17
       4
       5
      11
      11
      10
       5
       2
       8
       8
       5
       7
       9
       9
      15
      10
      12
       6
       7
       6
      10
      13
       8
      11
       8
       2
      11
      13
       8
      11
      10
      15
       7
       8
       9
      12
      13
      11
       6
       6
       4
      10
       7
      18
       9
      14
       5
      11
       6
       6
      14
      10
       9
       5
       8
       7
       7
       1
       9
      11
      13
       6
       4
      10
       6
      11
       9
      11
      10
      11
       6
      13
       6
       9
       8
      11
       5
       3
       5
       9
       6
       6
       8
       9
       9
       6
      10
       8
       9
       7
      11
      14
       9
      10
       8
       6
      10
       5
       9
      11
      10
      12
      12
       8
       5
       7
       8
      11
       8
       7
      11
       9
       7
      15
       4
       4
       7
      11
      10
      10
       7
      12
      14
       5
       7
       4
       5
       2
       4
      11
      12
       5
       7
       8
      12
       3
       3
       4
       5
       7
       3
       4
       6
       7
       9
       8
       6
       5
       4
       5
       7
       7
       6
      10
       8
       6
       3
       8
       5
       4
       6
       6
       4
      12
       7
       9
      11
       8
       6
       6
       8
       6
       5
       9
       9
       5
       7
       7
       8
       1
       3
       8
       6
       4
       7
      10
       8
       7
       5
       2
      11
       7
       7
       4
       4
       6
      12
       3
       7
       9
       5
       7
       4
       4
       4
       9
       9
       6
       6
       2
       8
       9
       5
       5
       5
       9
       3
       7
       6
       6
       7
       7
       5
       4
       3
       6
       8
       2
       6
       7
       3
       9
       6
       4
       5
       6
      10
       8
      10
       8
       5
      10
       2
       2
       4
       6
       7
       2
       5
      10
       8
      10
       6
       7
       5
       4
       7
       2
       9
       5
       8
       7
       5
       3
       6
       3
       1
       5
       6
       5
       4
       9
       9
       4
       7
       5
       8
       7
       7
       5
       5
       6
       3
       7
      10
       7
       5
       6
       3
       3
       4
       5
       9
       9
       2
       4
       3
       7
       6
       4
       6
       4
      11
       3
       4
       6
       7
       5
       2
       6
       1
       3
       2
       4
       7
       6
       6
       3
       6
       4
       1
       5
       4
       3
       7
       2
       2
       5
       3
       2
       4
       4
       3
       6
      10
       4
      11
       5
       3
       7
       7
       6
       3
       3
       5
       2
       2
       4
       2
       6
       1
       3
       6
       5
       5
       4
       6
       2
       5
       6
       2
       4
       4
       2
       5
       3
       8
       3
       5
       5
       6
       2
       4
       3
       5
       5
       6
       2
       3
       6
       2
       7
       5
       2
       6
       5
       4
       4
       4
       4
       5
       2
       6
       2
       1
       6
       3
       4
       3
       4
       6
       4
       7
       9
       3
       6
       5
       6
       8
       8
       2
       2
       5
       4
       3
       5
       5
       5
       5
       8
       6
       5
       5
       3
       8
       3
       6
       3
       5
       1
       4
       5
       5
       5
       3
       3
       1
       3
       2
       1
       8
       3
       3
       2
       1
       6
       4
       6
       4
       3
       1
       8
       4
       2
       4
       6
       4
       7
       7
       4
       4
       8
       2
       7
       6
       9
       6
       2
       4
       9
       6
       6
       5
       4
       5
       8
       4
       1
       3
       6
       1
       2
       2
       7
       8
       9
       5
       5
       5
       5
       4
       1
       4
       4
       1
       7
       6
       2
       4
       3
       5
       4
       5
       2
       8
       3
       3
       4
       4
       6
       3
       5
       2
       3
       9
       7
       2
       6
       5
       6
       4
       5
       3
       7
      11
       7
       7
       7
       7
       6
       5
       4
       4
       1
       2
       4
       5
       4
       1
       8
       6
       8
       7
       0
       4
       2
       1
       5
       5
       4
       1
       5
       2
       5
       6
       4
       5
       2
       2
       6
       6
       1
       4
       5
       2
       1
       2
       3
       6
       1
       2
       4
       2
       1
       4
       6
       4
       1
       4
       3
       7
       4
       6
       8
       4
       6
       3
       6
       2
       8
       4
       1
       2
       3
       3
       4
       2
       2
       0
       4
       4
       2
       2
       3
       5
       3
       1
       2
       1
       5
       2
       8
       4
       3
       3
       2
       4
       5
       4
       6
       4
       2
       4
       1
       3
       4
       2
       3
       1
       5
       3
       4
       3
       2
       7
       8
       4
       2
       1
       4
       7
       5
       4
       0
       4
       6
       3
       3
       2
       3
       7
       4
       1
       5
       2
       4
       4
       3
       4
       0
       2
       2
       1
       4
       0
       1
       2
       3
       3
       2
       5
       4
       7
       2
       1
       3
       4
       3
       3
       3
       1
       1
       1
       1
       4
       3
       0
       2
       2
       2
       4
       4
       5
       4
       2
       1
       2
       5
       7
       2
       5
       3
       5
       4
       3
       5
       7
       4
       3
       4
       7
       1
       0
       2
       2
       2
       4
       6
       6
       2
       4
       3
       1
       5
       3
       1
       2
       4
       3
       1
       3
       1
       0
       3
       1
       4
       2
       3
       6
       4
       2
       1
       3
       5
       3
       1
       3
       3
       4
       1
       2
       3
       3
       3
       6
       3
       2
       3
       2
       3
       2
       0
       5
       4
       4
       3
       2
       2
       3
       2
       1
       1
       3
       3
       7
       5
       2
       2
       4
       2
       1
       2
       3
       6
       4
       2
       3
       2
       3
       4
       2
       2
       8
       2
       2
       0
       3
       2
       2
       3
       3
       0
       4
       3
       3
       1
       2
       3
       3
       3
       4
       2
       3
       1
       2
       4
       2
       3
       2
       2
       1
       2
       5
       3
       3
       3
       2
       0
       6
       4
       5
       5
       1
       2
       3
       3
       0
       3
       1
       2
       2
       3
       1
       4
       0
       0
       0
       2
       2
       5
       4
       3
       2
       5
       2
       4
       1
       2
       1
       3
       2
       1
       1
       1
       1
       0
       3
       3
       3
       4
       1
       1
       4
       3
       1
       1
       0
       4
       1
       2
       2
       7
       5
       3
       3
       1
       4
       0
       1
       3
       2
       2
       3
       3
       2
       7
       4
       4
       2
       1
       0
       3
       2
       3
       1
       1
       2
       1
       2
       2
       2
       0
       3
       3
       4
       1
       1
       1
       2
       1
       0
       0
       4
       1
       0
       4
       3
       1
       0
       0
       1
       0
       3
       1
       0
       2
       1
       4
       2
       1
       2
       2
       4
       0
       4
       2
       2
       0
       3
       1
       1
       2
       3
       1
       1
       1
       2
       2
       3
       4
       0
       2
       1
       3
       2
       0
       1
       2
       4
       0
       1
       2
       1
       1
       1
       1
       1
       2
       0
       1
       2
       1
       2
       0
       1
       1
       1
       2
       1
       1
       1
       2
       0
       1
       3
       1
       3
       0
       2
       2
       1
       6
       1
       4
       2
       3
       1
       3
       3
       1
       2
       0
       2
       0
       1
       1
       1
       1
       0
       1
       1
       3
       1
       1
       4
       0
       2
       2
       1
       3
       1
       0
       1
       2
       2
       1
       1
       1
       0
       0
       2
       0
       3
       1
       2
       3
       2
       1
       3
       2
       1
       3
       3
       3
       0
       1
       3
       1
       1
       0
       0
       2
       4
       3
       0
       1
       2
       0
       2
       1
       1
       1
       0
       2
       2
       1
       5
       2
       1
       2
       2
       1
       1
       0
       1
       3
       2
       2
       0
       3
       2
       2
       3
       4
       4
       2
       6
       2
       1
       5
       5
       2
       2
       4
       4
       5
       1
       3
       1
       2
       3
       4
       4
       1
       0
       0
       1
       1
       2
       2
       0
       2
       0
       1
       5
       4
       3
       4
       5
       4
       3
       5
       5
       4
       5
       1
       1
       3
       3
       5
       1
       2
       4
       2
       3
       3
       6
       3
       3
       5
       5
       2
       6
       3
       1
       3
       5
       6
       6
       3
       3
       3
       5
       2
       5
       3
       3
       1
       6
       2
       1
       2
       2
       7
       6
       5
       3
       1
       2
       5
       5
       3
       1
       2
       3
       3
       4
       2
       4
       4
       1
       2
       4
       4
       4
       1
       0
       3
       3
       2
       2
       6
       2
       2
       2
       3
       4
       4
       4
       2
       2
       4
       1
       0
       0
       1
       3
       2
       5
       1
       5
       2
       4
       2
       1
       2
       1
       4
       1
       0
       1
       3
       4
       5
       4
       2
       1
       1
       5
       3
       3
       2
       1
       2
       3
       2
       1
       4
       2
       1
       1
       3
       1
       0
       3
       3
       0
       1
       1
       1
       2
       1
       3
       1
       0
       4
       2
       1
       1
       1
       1
       2
       2
       3
       4
       2
       1
       0
       3
       1
       1
       0
       1
       2
       1
       2
       0
       1
       2
       6
       5
       3
       7
       8
      11
       5
       3
       6
       3
       4
       5
       7
       9
       3
       2
       4
       6
       5
       6
       2
       7
       4
       8
       4
       4
       2
       5
       5
       5
       1
       5
       4
       6
       8
       5
       0
       2
       5
       1
       5
       1
       4
       7
       2
       2
$ROI:
1
756 943
$PRESETS:
Real Time
300
0
$ENER_FIT:
-35.580715 0.815979
$MCA_CAL:
3
-3.558072E+001 8.159789E-001 0.000000E+000 keV
$SHAPE_CAL:
3
1.180934E+002 -4.660690E-002 0.000000E+000
