$SPEC_ID:
40
$SPEC_REM:
DET# 1
DETDESC# OCL-MASSPEC MCB 337
AP# Maestro Version 7.01
$DATE_MEA:
10/15/2025 14:13:35
$MEAS_TIM:
299 300
$DATA:
0 2047
       0
       0
       0
       0
       0
       0
       0
       0
       0
       0
       0
       0
       0
       0
       0
       0
       0
       0
      11
      21
      27
      18
      13
      26
      16
      17
      11
      13
      25
      19
      22
      19
      21
      22
      17
      28
      26
      26
      21
      27
      26
      30
      31
      25
      29
      38
      28
      38
      37
      34
      26
      31
      28
      32
      29
      30
      16
      19
      22
      35
      39
      29
      22
      30
      31
      19
      25
      33
      35
      33
      34
      27
      30
      32
      22
      37
      35
      32
      28
      39
      38
      43
      33
      33
      41
      38
      42
      49
      59
      45
      38
      55
      57
      73
      65
      71
      57
      68
      71
      59
      69
      62
      76
      70
     104
      85
      88
      97
      96
      92
     104
      99
     102
      91
      87
      92
      99
      97
      80
      82
      97
     102
     114
      82
     102
      90
      92
      87
      83
      99
      95
      99
      96
      97
      92
     112
      92
      81
     101
     107
      80
      68
      88
      91
      89
      89
      82
      88
      91
      84
     116
      97
      98
     106
      95
      97
      91
      95
      80
      80
     111
      97
      93
      96
      88
      87
      97
      96
      80
      79
      83
      90
      96
      73
      86
     101
      70
      91
      83
      94
      91
      78
     103
      97
      87
      88
      87
      91
      82
      78
      85
      89
      94
      83
      68
      77
      71
     104
     101
      77
      77
      75
      76
      75
      82
      80
      87
      85
      73
      77
      88
      72
      87
      72
      81
      75
      86
      82
      73
      77
      75
      64
      75
      78
      76
      72
      74
      80
      70
      70
      59
      55
      49
      65
      68
      76
      94
      67
      74
      78
      85
      73
      75
      60
      80
      75
      54
      73
      66
      60
      68
      84
      68
      63
      65
      59
      51
      57
      68
      64
      70
      54
      65
      54
      74
      73
      61
      44
      56
      51
      55
      63
      49
      52
      48
      56
      53
      55
      50
      55
      51
      60
      50
      53
      49
      45
      50
      60
      50
      39
      47
      53
      53
      61
      47
      58
      46
      54
      42
      47
      40
      39
      50
      51
      52
      45
      56
      42
      44
      51
      57
      51
      61
      35
      50
      55
      54
      48
      57
      45
      47
      44
      49
      48
      56
      43
      36
      54
      47
      53
      45
      47
      50
      36
      49
      47
      45
      50
      36
      54
      43
      37
      43
      31
      39
      44
      51
      50
      39
      39
      39
      27
      33
      33
      21
      34
      37
      41
      31
      37
      42
      43
      46
      41
      25
      31
      34
      39
      24
      31
      37
      31
      31
      33
      36
      30
      34
      32
      24
      23
      29
      26
      32
      29
      26
      30
      37
      31
      26
      26
      27
      24
      31
      40
      26
      29
      13
      28
      29
      28
      33
      28
      29
      29
      23
      29
      23
      25
      28
      30
      27
      27
      33
      26
      30
      20
      32
      22
      22
      25
      23
      30
      21
      20
      27
      25
      20
      29
      21
      26
      23
      19
      26
      28
      22
      25
      25
      28
      25
      27
      25
      25
      21
      16
      22
      21
      20
      23
      24
      17
      19
      22
      27
      17
      21
      35
      23
      22
      25
      22
      22
      27
      18
      23
      25
      17
      20
      27
      20
      27
      27
      27
      27
      15
      24
      14
      19
      23
      15
      22
      19
      19
      24
      21
      23
      23
      19
      14
      16
      19
      25
      26
      17
      20
      18
      13
      16
      21
      16
      17
      23
      17
      19
      12
      21
      21
      15
      13
      17
      18
      17
      21
      14
      19
      16
      16
      16
      15
      17
      22
      15
      19
      12
       7
      15
      15
      14
      11
      11
      19
      16
      12
      21
      15
      13
      21
      14
      12
      17
      19
      18
      20
      13
      19
      16
      11
      15
      20
      17
       8
      17
      13
      19
       7
      15
      12
      11
      17
      21
      13
      10
      14
      15
       9
      12
      16
      18
       6
      14
      15
      24
      12
      16
      11
      16
      19
      14
      14
      16
      12
      10
      13
      12
      14
      15
      10
      21
      12
       7
      12
      12
      11
      11
      11
      16
      15
      16
      14
      10
      11
      16
      11
      18
       4
      13
      15
      10
       9
      11
      11
       7
      15
      11
      12
       9
       7
      14
       8
      15
      12
       9
      11
      12
      12
      14
      11
      12
      12
      12
      11
       7
      10
       8
       9
      18
       9
      10
      12
      12
      10
       9
      10
       4
      12
      10
       7
      11
      12
       8
      11
       9
       6
      12
      12
      14
       9
      13
       6
      12
      13
      15
       7
      10
      12
       8
      14
       9
      14
       8
      10
      14
       9
      17
       8
       7
      11
       9
      14
      10
      13
      17
       9
      11
       8
      13
       7
      10
      17
      11
       9
       8
       8
      11
       8
      13
      10
      16
       8
       6
      10
      10
      11
      13
       8
       4
       4
      14
       8
       7
      10
       9
       8
      13
      13
      13
      12
       8
       7
      10
       9
      11
       7
      14
       7
       2
       9
       7
       7
      14
       6
       4
       9
       7
      12
       6
       8
      11
       8
       6
       7
      12
      12
       6
       9
      10
      10
      11
       5
      11
       9
       9
       5
      15
      14
      10
      11
      11
       8
       6
       3
       5
       4
       7
      10
       7
      12
       7
       6
      11
       5
       7
      11
       8
      11
       3
      11
       8
      12
      10
      11
      10
       4
      14
       5
       7
      14
       6
       9
       7
      18
       4
      11
       7
      10
       7
       6
       6
      12
      10
      10
       7
      13
       5
       3
      11
      11
       7
       8
       9
      12
       6
      11
       7
       5
       6
      14
      12
       6
      10
       7
      11
       7
       9
       6
       7
       6
       3
       7
       6
       6
       9
       5
       4
       7
       6
       8
      12
       7
       8
       5
       4
      10
      10
       9
       5
       8
       5
       5
       6
       5
      11
       6
       6
       6
       6
       4
       6
       7
       7
       6
       5
       8
       8
       7
       7
       9
       7
       8
       2
       9
       7
      11
       2
       5
      14
       5
       2
       5
       5
       6
       9
       6
      11
       7
       5
       9
       7
       7
       9
       6
       4
       4
       5
       5
       4
       4
       4
       5
      12
       9
       8
       3
       6
       5
       7
       5
       8
       7
       4
       5
       6
       6
       7
       9
       6
      10
       4
       7
       6
       2
       3
       5
       6
       3
       5
       4
       6
       2
       3
       1
       9
       6
       7
       5
       7
       6
       5
       4
       9
       5
       5
       3
       4
       6
       4
       3
       3
       2
       8
       5
       3
       6
       5
       9
       4
       7
       7
       5
       7
       5
       6
       8
       7
       4
       7
       8
       7
       6
       3
       6
       9
       6
       2
       8
      11
       7
       7
       4
       6
       6
       7
       4
       7
       3
       4
       7
       4
       3
       7
       4
       7
       5
       3
       3
       5
       5
       8
       4
       6
       4
       6
       6
       1
       8
       5
       3
       1
       5
       6
       7
       6
       8
       4
       4
       6
       7
       4
       6
       5
       5
       5
       3
       3
       7
       9
       6
       3
       7
       4
       4
       4
       9
       6
       2
       4
       4
       5
       3
       2
       5
       3
       1
       4
       3
       7
       9
       3
       7
       7
       3
       4
       1
       3
       0
       1
       3
       4
       4
       0
       2
       7
       7
       6
       5
       3
       4
       3
       5
       5
       4
       6
       5
       5
       3
       7
       5
       3
       3
       4
       9
       0
       4
       6
       4
       6
       4
       8
       4
       3
       3
       5
       5
       3
       3
       2
       1
       4
       5
       6
       6
       2
       2
       4
       1
       4
       1
       5
       2
       7
       3
       4
       2
       4
       5
       9
       5
       5
       4
       4
       4
       4
       2
       5
       9
       4
       8
       3
       6
       4
       6
       9
       5
       4
       4
       7
       3
       3
       3
       6
       1
       4
       6
       5
       7
       5
       6
       4
       3
       5
       9
       3
       4
      11
       5
       4
       5
       4
       2
       1
       4
       4
       3
       5
       7
       3
       4
       3
       7
       3
       8
       0
       2
       3
       5
       5
       4
       5
       4
       2
       5
       2
       1
       7
       5
       9
       7
       2
       5
       4
       2
       3
       4
       7
       6
       3
       6
       3
       6
       5
       6
       5
       3
       4
       8
       1
       1
       3
       5
       6
       6
       4
       5
       4
       9
       0
       5
       2
       7
       5
       4
       6
       6
       6
       3
       6
       4
       4
       3
       4
       6
       5
       2
       4
       6
       2
       8
       7
       4
       5
       7
       3
       5
       7
       3
       3
       3
       3
       6
       4
       6
       3
       4
       2
       4
       3
       2
       3
       3
       3
       5
       4
       7
       4
       3
       4
       6
       4
       4
       2
       2
       1
       5
       2
       2
       3
       2
       2
       5
       5
       7
       2
       5
       7
       1
       2
       8
       4
       2
       5
       3
       5
       6
       2
       3
       8
       2
       2
       5
       4
       2
       1
       0
       4
       4
       5
       3
       5
       2
       5
       4
       6
       2
       7
       2
       4
       4
       2
       2
       0
       2
       3
       3
       4
       4
       1
       3
       2
       3
       2
       3
       3
       7
       2
       4
       1
       3
       3
       4
       3
       4
       5
       4
       4
       5
       4
       1
       2
       4
       3
       4
       5
       8
       3
       4
       4
       5
       4
       2
       0
       4
       0
       2
       6
       2
       3
       2
       2
       3
       2
       2
       5
       5
       4
       3
       1
       1
       1
       2
       1
       4
       1
       7
       2
       7
       3
       6
       3
       4
       2
       2
       5
       2
       8
       6
       2
       5
       7
       2
       4
       4
       5
       1
       3
       4
       2
       4
       3
       5
       4
       3
       5
       7
       3
       5
       6
       6
       3
       2
       3
       2
       5
       4
       2
       1
       0
       3
       5
       5
       1
       3
       3
       6
       0
       2
       3
       5
       1
       4
       3
       2
       4
       2
       1
       5
       6
       2
       5
       3
       2
       5
       1
       2
       3
       4
       4
       4
       7
       6
       2
       4
       2
       1
       8
       4
       0
       3
       2
       1
       4
       2
       1
       1
       6
       3
       3
       5
       4
       3
       4
       4
       5
       5
       4
       2
       2
       1
       3
       5
       3
       4
       2
       6
       2
       1
       6
       4
       7
       1
       3
       1
       5
       3
       4
       3
       5
       0
       3
       0
       4
       1
       3
       2
       1
       2
       3
       4
       6
       5
       2
       7
       1
       3
       1
       6
       4
       2
       3
       1
       5
       1
       1
       0
       1
       3
       4
       1
       2
       0
       6
       2
       3
       6
       5
       4
       3
       6
       3
       3
       1
       2
       1
       1
       3
       2
       5
       3
       3
       3
       4
       2
       5
       8
       3
       3
       2
       1
       1
       2
       1
       1
       6
       4
       2
       3
       0
       0
       1
       2
       1
       0
       6
       1
       1
       0
       3
       2
       2
       3
       0
       2
       2
       3
       1
       2
       5
       4
       1
       1
       1
       4
       1
       2
       3
       2
       1
       5
       3
       0
       3
       1
       6
       0
       2
       2
       3
       2
       3
       1
       2
       2
       0
       6
       3
       2
       2
       1
       3
       2
       2
       1
       3
       2
       1
       1
       1
       3
       0
       3
       1
       3
       3
       2
       0
       2
       2
       0
       2
       0
       3
       3
       2
       3
       1
       2
       2
       5
       1
       1
       1
       0
       1
       1
       1
       2
       0
       2
       1
       3
       1
       1
       3
       2
       2
       3
       2
       1
       0
       0
       1
       1
       2
       1
       3
       1
       2
       1
       1
       0
       0
       0
       3
       2
       1
       3
       0
       0
       1
       3
       0
       1
       3
       2
       2
       4
       1
       1
       1
       3
       2
       0
       1
       0
       2
       0
       5
       2
       1
       2
       4
       1
       0
       0
       0
       2
       3
       3
       1
       0
       3
       0
       0
       2
       0
       0
       0
       1
       2
       0
       1
       4
       1
       1
       0
       0
       2
       0
       2
       2
       1
       2
       3
       3
       3
       1
       3
       0
       3
       3
       0
       1
       1
       1
       0
       2
       3
       0
       2
       0
       1
       3
       1
       2
       1
       2
       1
       3
       5
       2
       4
       1
       4
       1
       1
       1
       2
       1
       2
       2
       1
       4
       3
       0
       2
       3
       1
       1
       0
       2
       2
       1
       0
       2
       2
       4
       6
       0
       1
       0
       0
       2
       1
       3
       3
       1
       4
       8
       1
       1
       2
       3
       3
       3
       1
       0
       2
       2
       1
       1
       7
       2
       0
       3
       3
       3
       2
       2
       0
       1
       3
       6
       4
       3
       2
       4
       4
       3
       2
       0
       6
       2
       4
       3
       5
       4
       2
       3
       4
       4
       3
       2
       2
       4
       5
       3
       3
       4
       2
       2
       3
       2
       3
       2
       3
       4
       1
       1
       1
       2
       3
       1
       4
       5
       3
       4
       4
       5
       4
       2
       3
       1
       1
       2
       0
       5
       3
       7
       4
       1
       6
       3
       5
       8
       0
       2
       2
       2
       4
       3
       3
       2
       1
       3
       2
       1
       5
       4
       5
       2
       1
       0
       4
       3
       3
       3
       4
       4
       1
       2
       1
       2
       0
       2
       3
       2
       1
       4
       2
       3
       3
       1
       1
       2
       2
       2
       2
       5
       3
       0
       0
       4
       2
       1
       3
       3
       2
       2
       3
       2
       0
       0
       1
       3
       2
       0
       1
       2
       3
       2
       0
       1
       3
       0
       2
       4
       2
       0
       0
       1
       2
       1
       2
       2
       0
       2
       2
       1
       1
       1
       0
       1
       0
       1
       0
       4
       3
       2
       1
       0
       0
       1
       3
       5
       4
       9
       7
       4
       4
       4
       4
       6
      10
       6
       5
       8
       2
       8
       3
       7
       6
       6
       3
       9
       7
       5
       6
       2
       2
       4
       6
       2
       5
       7
       6
       5
       2
       5
       4
       4
       3
       4
       3
       5
       4
       1
       5
       3
       6
       2
$ROI:
1
756 943
$PRESETS:
Real Time
300
0
$ENER_FIT:
-35.580715 0.815979
$MCA_CAL:
3
-3.558072E+001 8.159789E-001 0.000000E+000 keV
$SHAPE_CAL:
3
1.180934E+002 -4.660690E-002 0.000000E+000
