$SPEC_ID:
40
$SPEC_REM:
DET# 1
DETDESC# OCL-MASSPEC MCB 337
AP# Maestro Version 7.01
$DATE_MEA:
10/15/2025 13:24:06
$MEAS_TIM:
286 300
$DATA:
0 2047
       0
       0
       0
       0
       0
       0
       0
       0
       0
       0
       0
       0
       0
       0
       0
       0
       0
       7
     306
     546
     586
     535
     555
     551
     593
     587
     607
     564
     581
     598
     593
     595
     628
     591
     627
     612
     709
     725
     751
     826
     969
    1001
    1179
    1376
    1662
    1793
    1911
    2042
    2096
    2222
    2119
    2051
    1927
    1696
    1521
    1472
    1336
    1183
     992
    1010
     860
     858
     804
     713
     758
     715
     775
     781
     694
     682
     742
     782
     763
     740
     751
     729
     688
     652
     736
     685
     698
     691
     751
     708
     742
     670
     727
     724
     720
     803
     754
     740
     774
     800
     766
     786
     894
     861
     906
     894
     950
     985
    1045
    1061
    1086
    1134
    1183
    1196
    1194
    1271
    1233
    1173
    1155
    1139
    1110
    1091
    1102
    1128
    1020
    1016
    1012
    1018
    1055
    1033
     901
     960
     937
     859
     913
     851
     884
     871
     839
     798
     783
     777
     795
     768
     767
     744
     713
     727
     738
     751
     804
     699
     755
     715
     728
     750
     817
     729
     704
     689
     722
     736
     783
     787
     772
     717
     722
     734
     757
     809
     772
     736
     783
     713
     762
     811
     708
     781
     710
     797
     770
     745
     734
     727
     793
     710
     782
     795
     781
     735
     772
     718
     781
     728
     742
     786
     803
     743
     749
     761
     818
     773
     798
     747
     834
     767
     686
     750
     822
     789
     721
     781
     729
     754
     800
     780
     750
     791
     749
     743
     802
     784
     775
     762
     741
     760
     784
     825
     798
     829
     792
     829
     820
     794
     742
     814
     838
     845
     820
     791
     794
     782
     864
     848
     858
     804
     867
     882
     844
     853
     881
     883
     892
     867
     916
     932
     856
     899
     949
    1012
     927
     942
     987
     993
     928
    1028
    1003
    1045
     943
     991
    1052
    1033
     994
     983
     965
     992
     975
     983
     930
     985
     977
     986
     999
     948
     940
    1023
     958
     942
    1001
    1005
     915
     916
     969
     931
     905
     922
     943
     938
     927
     923
     929
     920
     962
     914
     938
     950
     919
     917
     870
     924
     905
     951
     946
     862
     886
     907
     879
     940
     831
     916
     953
     847
     846
     831
     933
     821
     875
     871
     890
     848
     915
     877
     902
     881
     870
     888
     897
     879
     823
     854
     884
     849
     821
     871
     887
     837
     854
     872
     807
     794
     787
     868
     819
     840
     880
     850
     784
     819
     816
     841
     869
     754
     822
     836
     822
     819
     750
     864
     844
     889
     834
     799
     838
     855
     816
     863
     820
     737
     829
     775
     783
     787
     800
     867
     782
     798
     821
     788
     856
     749
     815
     744
     753
     814
     794
     814
     783
     770
     768
     795
     801
     834
     764
     742
     791
     786
     798
     810
     812
     784
     749
     781
     811
     781
     741
     781
     767
     770
     740
     751
     793
     760
     771
     733
     730
     750
     756
     782
     793
     746
     726
     797
     702
     748
     777
     764
     733
     760
     754
     752
     775
     765
     767
     782
     768
     772
     761
     741
     777
     780
     777
     751
     781
     774
     810
     776
     768
     755
     742
     752
     782
     756
     765
     794
     768
     787
     752
     765
     752
     757
     722
     731
     807
     730
     755
     760
     817
     792
     770
     774
     781
     763
     773
     727
     765
     824
     781
     753
     802
     773
     751
     756
     821
     807
     754
     802
     759
     766
     725
     776
     789
     782
     778
     738
     766
     769
     806
     815
     775
     789
     790
     772
     805
     748
     808
     810
     760
     779
     764
     784
     764
     833
     782
     809
     741
     726
     779
     766
     770
     819
     796
     829
     790
     768
     804
     764
     754
     758
     774
     806
     826
     779
     818
     795
     813
     770
     790
     829
     793
     746
     774
     812
     774
     783
     807
     792
     779
     792
     845
     775
     769
     787
     779
     742
     827
     779
     765
     850
     778
     761
     785
     762
     785
     760
     794
     791
     764
     798
     777
     744
     737
     799
     770
     739
     763
     788
     771
     773
     748
     737
     756
     731
     711
     673
     696
     702
     640
     685
     726
     653
     699
     632
     680
     606
     624
     613
     614
     580
     575
     620
     598
     589
     603
     590
     530
     540
     538
     537
     569
     535
     471
     534
     502
     501
     505
     450
     489
     512
     472
     465
     470
     469
     436
     498
     465
     408
     421
     404
     424
     422
     408
     397
     411
     399
     394
     439
     389
     393
     385
     409
     345
     385
     369
     373
     338
     369
     335
     396
     370
     349
     366
     369
     305
     301
     355
     347
     336
     359
     325
     318
     342
     337
     316
     332
     291
     341
     305
     295
     323
     295
     304
     315
     305
     324
     305
     293
     301
     322
     283
     299
     335
     283
     314
     292
     270
     288
     270
     272
     279
     293
     263
     297
     307
     259
     297
     267
     257
     309
     262
     264
     274
     265
     271
     270
     260
     268
     255
     261
     256
     271
     248
     268
     246
     233
     282
     247
     261
     257
     265
     256
     264
     231
     279
     248
     237
     274
     254
     260
     241
     229
     238
     277
     271
     276
     242
     231
     263
     235
     247
     246
     278
     241
     236
     252
     248
     268
     228
     234
     242
     243
     271
     239
     266
     222
     266
     242
     251
     217
     236
     245
     239
     227
     293
     281
     286
     255
     274
     294
     303
     275
     320
     304
     312
     346
     351
     339
     331
     362
     390
     390
     383
     414
     412
     424
     427
     515
     484
     523
     525
     545
     601
     563
     672
     648
     759
     723
     779
     830
     826
     874
     936
     951
     978
     997
    1038
    1119
    1186
    1249
    1342
    1285
    1373
    1438
    1507
    1454
    1579
    1537
    1673
    1801
    1751
    1885
    1953
    1999
    2053
    2077
    2090
    2256
    2307
    2451
    2458
    2412
    2575
    2595
    2550
    2591
    2697
    2812
    2764
    2874
    2901
    2858
    2956
    2988
    2994
    3015
    3043
    3155
    3076
    3170
    3120
    3077
    3039
    3077
    3153
    3105
    3129
    3143
    3079
    3036
    3046
    3011
    2973
    2970
    2879
    2936
    2835
    2852
    2745
    2738
    2723
    2688
    2606
    2463
    2404
    2532
    2424
    2356
    2190
    2268
    2146
    2053
    2073
    1991
    2008
    1833
    1822
    1744
    1661
    1571
    1531
    1548
    1501
    1444
    1402
    1365
    1241
    1244
    1203
    1146
    1108
    1047
     953
    1017
     925
     935
     924
     851
     773
     780
     694
     652
     647
     628
     633
     608
     573
     539
     520
     549
     516
     470
     428
     442
     432
     423
     368
     380
     369
     377
     291
     338
     342
     289
     300
     275
     272
     272
     255
     260
     230
     249
     221
     245
     219
     237
     196
     210
     211
     212
     188
     157
     180
     161
     168
     162
     177
     173
     136
     149
     127
     153
     154
     151
     138
     134
     145
     121
     123
     117
      99
     134
     129
     127
     131
     115
      96
     103
     123
     100
      94
     111
     122
      98
     123
      97
     102
     104
     104
     112
      87
      98
      84
      94
     105
     106
      83
     107
      89
      82
      88
     118
      60
      87
      95
      87
      87
      79
      98
      76
      85
      84
      94
      68
      84
      86
      73
      72
      87
      84
      80
      73
      89
      74
      73
      86
      66
      71
      74
      83
      69
      81
      76
      79
      68
      75
      67
      77
      81
      70
      66
      80
      57
      89
      62
      73
      74
      74
      69
      68
      99
      89
      64
      75
      75
      77
      62
      80
      87
      70
      75
      53
      84
      62
      66
      68
      55
      61
      65
      69
      61
      73
      77
      73
      72
      70
      59
      56
      61
      71
      76
      65
      53
      70
      50
      64
      84
      75
      58
      77
      79
      85
      69
      60
      85
      80
      68
      69
      62
      55
      75
      68
      86
      78
      62
      62
      73
      78
      70
      68
      74
      50
      72
      77
      68
      65
      66
      64
      64
      84
      54
      64
      57
      73
      69
      62
      77
      58
      64
      58
      86
      68
      66
      58
      72
      68
      80
      62
      60
      80
      77
      87
      69
      67
      76
      52
      67
      67
      75
      64
      68
      67
      67
      57
      63
      62
      64
      81
      68
      67
      64
      69
      56
      63
      64
      65
      57
      79
      58
      52
      65
      67
      67
      53
      67
      70
      57
      60
      66
      67
      68
      70
      63
      56
      76
      67
      62
      61
      56
      70
      59
      50
      58
      55
      62
      69
      49
      48
      46
      63
      54
      68
      65
      65
      53
      51
      63
      53
      58
      57
      49
      53
      58
      63
      48
      69
      60
      46
      57
      61
      55
      51
      54
      61
      62
      60
      55
      58
      49
      46
      49
      56
      51
      56
      48
      47
      50
      47
      43
      49
      64
      42
      50
      37
      37
      49
      42
      50
      45
      51
      52
      43
      49
      55
      33
      45
      45
      40
      52
      36
      55
      50
      40
      41
      56
      56
      51
      45
      38
      56
      47
      31
      44
      40
      39
      37
      53
      38
      59
      56
      36
      44
      51
      49
      35
      33
      50
      41
      33
      40
      53
      52
      45
      41
      32
      42
      56
      38
      33
      39
      46
      47
      37
      45
      57
      40
      41
      50
      45
      48
      48
      47
      51
      52
      49
      42
      43
      37
      47
      33
      49
      42
      41
      40
      40
      35
      29
      54
      37
      52
      47
      42
      41
      47
      31
      45
      44
      45
      35
      38
      30
      43
      48
      44
      35
      46
      48
      47
      49
      26
      42
      48
      37
      38
      41
      44
      38
      42
      55
      47
      47
      49
      44
      51
      32
      38
      40
      34
      38
      49
      43
      39
      37
      35
      42
      35
      45
      32
      47
      36
      40
      45
      32
      29
      37
      46
      39
      53
      51
      34
      36
      37
      49
      31
      47
      43
      41
      30
      37
      38
      45
      32
      46
      45
      49
      55
      56
      62
      49
      47
      48
      60
      52
      53
      58
      59
      60
      68
      55
      59
      63
      72
      76
      63
      80
      66
      62
      74
      83
      64
      81
      65
      71
      70
      76
      89
      74
      73
      73
      97
      83
      86
      74
      89
      81
      94
      95
     122
     104
     101
      99
      83
     111
     103
     114
     101
      93
      97
     108
     126
      96
     109
     100
     117
     107
     121
     102
      92
     115
     132
     136
     110
     123
     132
     106
     125
     108
     117
     128
     115
     110
     103
     129
     119
     122
     108
     115
      95
      99
     119
      79
     104
     131
     107
     103
     118
     101
      93
      95
      94
      84
      99
     104
     104
     107
      85
      94
      85
      75
      81
     100
      93
      87
      93
      77
      81
      85
      89
      73
      80
      72
      77
      68
      66
      65
      68
      67
      56
      68
      60
      68
      70
      66
      60
      47
      43
      54
      61
      60
      52
      58
      37
      60
      41
      54
      35
      42
      48
      42
      43
      42
      41
      36
      58
      35
      37
      42
      37
      42
      39
      33
      30
      37
      30
      41
      37
      33
      29
      26
      30
      33
      37
      36
      37
      31
      36
      25
      34
      27
      25
      36
      25
      38
      28
      42
      36
      49
      31
      38
      41
      31
      28
      33
      33
      38
      32
      28
      38
      23
      37
      53
      32
      41
      36
      51
      58
      47
      38
      48
      50
      43
      51
      43
      44
      62
      53
      51
      44
      53
      73
      47
      48
      62
      63
      58
      61
      53
      81
      62
      70
      74
      61
      71
      53
      55
      65
      73
      84
      69
      64
      83
      85
      73
      80
      77
      82
      85
      91
      75
      81
      99
      88
      79
      87
      77
      84
      86
      81
      91
      79
      90
      75
      86
      90
      98
     104
      76
      89
      70
      92
     107
      87
      88
      99
      86
      91
      91
     102
     105
      84
      86
      96
      98
      70
     102
      89
      79
      62
      82
      86
      73
      84
      82
      97
      86
      65
      77
      93
      83
      70
      86
      76
      68
      73
      67
      65
      67
      76
      58
      58
      71
      75
      77
      57
      58
      58
      44
      57
      63
      45
      52
      50
      60
      52
      50
      52
      52
      42
      46
      49
      55
      36
      43
      40
      36
      33
      28
      45
      41
      43
      38
      33
      44
      47
      41
      27
      27
      36
      28
      36
      23
      27
      33
      25
      33
      36
      20
      21
      33
      27
      27
      38
      23
      27
      25
      30
      25
      22
      27
      23
      20
      17
      25
      28
      18
      19
      22
      32
      23
      25
      21
      16
      17
      15
      15
      21
      12
      22
      28
      28
      22
      26
      15
      13
      14
      19
      19
      17
      18
      16
      15
       9
      14
       8
       9
      19
      15
      10
      15
      12
       9
      16
      14
      14
      14
      13
      12
       8
       6
      13
      16
       8
      13
       3
      10
      10
       9
       8
      10
      14
       3
      10
      11
       8
      11
      10
      10
       9
      10
       9
       9
      12
      11
      10
      10
      11
       6
      10
       8
       6
      11
      12
       9
       5
       9
       9
       5
      15
       6
       9
       5
       6
      12
       9
       7
      13
       7
       8
      15
       8
       9
       9
       1
       9
      10
       6
       7
      10
      16
       5
       9
       6
       9
       7
       3
       5
       4
       9
       6
       0
       7
      11
       6
       5
       2
      10
       3
      10
       5
       4
       8
       6
       4
       9
       8
       4
      11
       5
       9
       7
      11
       4
       9
       3
       6
      13
       5
       6
       5
       7
       8
       4
       6
       8
      11
       7
      10
       4
       8
       6
       6
       2
       6
       8
       6
       3
       5
      11
       9
       6
       4
       6
       3
       2
       8
       4
       8
       1
       5
       5
       4
       6
       5
       6
       1
       7
       2
       4
       3
       3
       1
       6
       5
       4
       7
       6
       3
       3
       2
       7
       4
       2
       4
       5
       3
       2
       3
       8
       5
       3
       7
       3
       5
       4
       6
       3
       3
       2
       1
       4
      10
       9
       5
       9
       5
       4
       2
       4
       3
       5
      25
      15
      22
      20
      26
      13
      24
      25
      14
      30
      17
      19
      15
      19
      17
      16
      13
      15
      23
      13
      16
      13
      17
      14
      24
      21
      13
      13
      11
      13
      13
      17
      15
      12
      10
      17
       9
      13
      17
      13
       7
      13
      18
      18
      14
      20
$ROI:
1
756 943
$PRESETS:
Real Time
300
0
$ENER_FIT:
-35.580715 0.815979
$MCA_CAL:
3
-3.558072E+001 8.159789E-001 0.000000E+000 keV
$SHAPE_CAL:
3
1.180934E+002 -4.660690E-002 0.000000E+000
